"X020101"	"X020102"	"X020103"	"X020104"	"X020205"	"X020206"	"X020207"	"X020208"	"X020309"	"X020310"	"X020311"	"X020312"	"X040101"	"X040102"	"X040103"	"X040104"	"X040205"	"X040206"	"X040207"	"X040208"	"X040309"	"X040310"	"X040311"	"X040312"
"OTU_1"	88640	111	166433	1468	206	76707	382	57312	30026	28364	7377	14398	299	70146	221	129	42	28	20	41	50	15	27	13
"OTU_100"	0	41	5	13	204	7	8	24	2	10	21	0	0	6	14	1	10	0	2	1	2	7	1	3
"OTU_1000"	0	1	0	0	0	0	0	0	0	0	0	0	1	4	0	0	1	0	0	0	0	0	1	0
"OTU_1007"	0	0	2	1	0	0	0	0	0	0	0	0	0	0	0	0	0	0	0	0	0	2	0	0
"OTU_1008"	0	0	0	2	0	0	0	0	0	0	0	2	0	0	0	0	0	0	0	0	0	0	0	0
"OTU_101"	0	11	5	5	25	0	0	2	0	0	0	0	0	0	0	0	1	0	0	0	0	0	0	0
"OTU_1010"	0	0	0	0	7	4	0	0	0	0	0	0	0	0	0	0	0	0	0	0	0	0	0	0
"OTU_1011"	0	3	0	0	0	3	0	0	0	0	1	0	0	0	0	0	0	0	0	0	0	0	0	0
"OTU_1013"	0	0	1	0	0	7	0	0	0	0	0	0	0	0	0	0	0	0	0	0	0	0	0	0
"OTU_102"	0	8	0	0	0	0	0	0	0	0	0	0	1	0	1	1322	0	0	0	0	0	1	21	0
"OTU_1026"	0	0	0	2	1	3	0	0	0	0	4	0	0	0	0	0	0	0	0	0	0	0	0	0
"OTU_1027"	0	0	0	4	6	0	0	0	0	0	0	0	0	0	0	0	0	0	0	0	0	0	0	0
"OTU_103"	0	0	0	0	0	0	0	0	0	0	0	0	0	1	1	0	0	0	0	0	0	0	0	0
"OTU_1031"	0	4	1	0	5	0	0	1	0	0	0	0	0	0	0	0	0	0	0	0	0	0	0	0
"OTU_104"	16	274	80	22	70	395	15	23	15	1331	28	6	1	0	0	0	0	0	0	0	0	0	0	0
"OTU_1040"	0	0	0	7	0	0	0	0	0	0	0	0	0	0	0	0	0	0	0	0	0	0	0	0
"OTU_1046"	0	0	0	0	0	4	1	0	1	0	1	0	0	0	0	0	0	0	0	0	0	0	0	0
"OTU_1048"	0	4	0	4	0	0	0	0	0	0	0	0	0	0	0	0	0	0	0	0	0	0	0	0
"OTU_105"	0	118	5	12	114	21	3	2	7	9	1	2	21	5	6	3	5	10	11	0	21	0	81	597
"OTU_1051"	0	0	0	0	0	0	6	0	0	0	0	0	0	0	0	0	0	0	0	0	0	0	0	0
"OTU_1059"	0	0	0	0	0	0	0	0	0	0	0	0	0	0	1	1	1	0	1	0	2	0	0	0
"OTU_106"	0	0	0	0	0	0	0	0	0	1	0	0	0	0	0	0	0	0	0	0	0	0	0	0
"OTU_1066"	0	0	0	0	10	0	0	0	0	0	0	0	0	0	0	0	0	0	0	0	0	0	0	0
"OTU_107"	0	36	14	0	61	12	143	58	1	47	4	7	5	2	5	0	29	1	3	0	2	0	0	2
"OTU_1070"	0	0	0	0	4	0	0	0	0	4	0	0	3	0	0	0	1	0	0	0	0	0	0	0
"OTU_1071"	0	0	0	0	0	0	0	0	0	0	0	0	0	0	6	0	0	0	0	0	0	0	0	0
"OTU_1075"	0	3	0	0	1	0	0	0	0	0	0	0	0	0	0	0	0	0	0	0	0	0	0	0
"OTU_1077"	0	0	0	0	0	0	0	0	0	0	0	0	0	0	1	0	1	0	0	0	2	0	0	0
"OTU_1078"	0	0	0	0	0	0	0	0	0	0	0	0	0	0	0	0	2	0	0	0	0	0	0	3
"OTU_108"	1	781	0	0	0	0	0	0	0	0	0	0	0	0	0	0	0	0	0	0	0	0	0	0
"OTU_1084"	0	0	0	0	0	0	0	2	0	0	0	0	0	0	0	0	0	0	0	0	0	0	0	0
"OTU_1085"	0	4	0	0	0	0	0	0	0	0	0	0	0	0	0	0	1	0	0	0	0	0	0	0
"OTU_1087"	0	0	0	1	0	0	3	0	0	0	0	0	0	0	0	0	0	0	0	0	0	0	0	0
"OTU_109"	1	1	10	3	2	29	0	0	0	3	0	0	0	0	0	0	0	0	0	0	0	0	0	0
"OTU_1090"	0	3	0	0	0	0	0	0	0	0	0	0	0	0	0	0	0	0	0	0	0	0	0	0
"OTU_1092"	0	0	0	0	0	0	0	0	0	0	1	0	0	4	0	0	0	0	0	0	0	0	0	0
"OTU_1096"	0	0	0	0	0	0	5	0	0	0	0	0	0	0	0	0	0	0	0	0	0	0	0	0
"OTU_1099"	0	0	0	0	0	0	0	0	0	0	0	0	1	0	0	0	0	0	0	0	0	0	0	0
"OTU_11"	1	215	0	0	0	11	0	0	0	2	98	10	20	2	5	1	1	0	0	1	1	2343	0	0
"OTU_1103"	0	0	0	0	0	3	0	0	0	0	0	0	0	0	0	0	0	0	0	0	2	0	0	0
"OTU_1104"	0	0	0	0	0	4	0	0	0	0	0	0	0	0	0	0	0	0	0	0	0	0	0	0
"OTU_1105"	0	0	0	0	0	0	0	0	0	2	0	0	0	0	0	0	0	0	0	0	0	0	0	0
"OTU_1106"	0	0	0	0	0	0	0	1	0	0	0	0	0	0	0	0	0	0	0	0	0	0	0	0
"OTU_111"	0	2	0	4	0	0	0	0	1	0	0	0	0	0	0	0	0	0	0	0	0	0	0	0
"OTU_1112"	0	0	0	13	0	0	0	0	0	0	0	0	0	0	0	0	0	0	0	0	0	0	0	0
"OTU_1116"	0	0	0	3	0	0	0	0	0	0	0	2	0	0	0	0	0	0	0	0	0	0	0	0
"OTU_113"	0	16	6	4	62	6	3	430	0	38	0	0	0	9	0	76	17	0	0	0	0	2	0	2
"OTU_114"	3	0	7	0	0	0	0	0	0	0	0	3	0	0	0	4	0	0	0	0	0	1	0	0
"OTU_1148"	0	0	0	5	0	0	0	0	0	0	0	0	0	0	0	0	0	0	0	0	0	0	0	0
"OTU_1149"	0	0	0	8	0	0	0	0	0	0	0	0	0	0	0	0	0	0	0	0	0	0	0	0
"OTU_1153"	0	0	0	0	0	5	0	0	0	0	0	0	0	0	0	0	0	0	0	0	0	0	0	0
"OTU_1154"	0	0	0	0	1	0	0	0	0	0	0	0	0	0	0	0	0	0	0	0	0	0	0	0
"OTU_1155"	0	0	0	6	0	0	0	0	0	0	0	0	0	0	0	0	0	0	0	0	0	0	0	0
"OTU_1156"	0	0	0	0	6	0	0	0	0	0	0	0	0	0	0	0	0	0	0	0	0	0	0	0
"OTU_1158"	0	0	0	3	0	0	0	0	0	0	1	0	0	0	0	0	0	0	0	0	0	0	0	0
"OTU_1160"	0	0	0	0	6	0	0	0	0	0	0	0	0	0	0	0	0	0	0	0	0	0	0	0
"OTU_1161"	0	0	0	4	0	0	0	0	0	0	0	1	0	0	0	0	0	0	0	0	0	0	0	0
"OTU_1162"	0	0	0	15	0	0	0	0	0	0	0	0	0	0	0	0	0	0	0	0	0	0	0	0
"OTU_1164"	0	0	0	0	0	0	0	4	0	0	0	0	0	0	0	0	0	0	0	0	0	0	0	1
"OTU_1166"	0	6	0	1	0	0	1	0	0	0	0	0	0	0	0	0	0	0	0	0	0	0	0	0
"OTU_1169"	0	0	0	5	0	0	0	0	0	0	0	0	0	0	0	0	0	0	0	0	0	0	0	0
"OTU_117"	0	0	0	0	0	0	0	0	0	0	0	0	0	0	0	0	0	7	0	0	0	0	0	1
"OTU_1170"	0	0	0	5	0	0	0	0	0	0	0	0	0	0	0	0	0	0	0	0	0	0	0	0
"OTU_1172"	0	0	0	0	0	0	0	0	1	4	0	0	1	0	0	0	0	0	0	0	0	0	0	0
"OTU_1179"	0	1	0	0	1	2	0	0	0	3	0	0	0	0	0	0	0	0	0	0	0	0	0	0
"OTU_1185"	0	0	0	0	3	1	0	0	1	0	0	0	0	0	0	0	0	0	0	0	0	0	0	0
"OTU_1188"	0	0	0	0	0	0	0	0	0	0	0	0	0	0	0	0	0	0	0	0	1	0	5	0
"OTU_119"	2	18	3	5	4	0	1312	9	2	0	1	1	0	4	0	0	1	0	1	0	6	14	0	0
"OTU_1190"	0	0	0	0	0	0	0	0	0	1	0	0	0	0	0	0	0	0	0	0	0	0	0	0
"OTU_1194"	0	0	0	0	0	4	0	0	0	0	0	0	0	0	0	0	0	0	0	0	0	0	0	0
"OTU_12"	608	67	107	8	0	12	40	16	15	0	45	74	0	2	2	26	11	18	24	19	31	22	57417	0
"OTU_120"	3	36	0	1	4	24	14	1	9	0	1	22	0	0	0	0	0	0	0	0	0	5	0	0
"OTU_1203"	0	4	0	0	0	0	0	0	0	0	0	0	0	0	0	0	0	0	0	0	0	0	0	0
"OTU_1205"	0	0	0	0	7	0	0	0	0	0	0	0	0	0	0	0	0	0	0	0	0	0	0	0
"OTU_1209"	0	0	0	0	0	0	0	0	0	0	0	0	1	0	0	0	0	0	0	0	0	6	0	0
"OTU_1210"	0	0	0	0	0	0	0	0	4	0	0	0	0	0	0	0	0	0	0	0	0	0	0	0
"OTU_1216"	0	4	0	0	0	0	0	0	0	0	0	0	0	0	0	0	0	0	0	0	0	0	0	0
"OTU_1224"	0	5	0	0	0	0	0	0	0	0	0	0	0	0	0	0	0	0	0	0	0	0	0	0
"OTU_1235"	0	0	0	0	0	0	0	0	0	0	0	0	0	0	2	0	0	0	0	0	0	0	0	0
"OTU_1240"	0	0	0	6	0	0	0	0	0	0	0	0	0	0	0	0	0	0	0	0	0	0	0	0
"OTU_1241"	0	0	0	1	0	0	0	0	0	0	0	0	0	0	0	0	0	0	0	0	0	0	0	0
"OTU_1245"	0	0	1	0	0	0	0	0	0	0	0	0	0	0	0	0	0	0	0	0	0	0	0	0
"OTU_125"	1	0	1	12	0	362	1	4	0	0	0	5	55	16	8	0	13	0	0	3	0	3	10	35
"OTU_1256"	0	0	0	0	0	1	0	0	0	0	0	0	0	0	0	0	0	0	0	0	0	3	0	0
"OTU_1257"	0	0	0	0	0	0	0	2	1	0	0	0	0	0	0	0	0	0	0	0	0	0	0	0
"OTU_126"	0	14	5	0	455	22	3	1	0	0	2	0	1	2	0	9	3	0	9	0	5	0	1	43
"OTU_1262"	0	0	0	4	0	0	0	0	0	0	0	0	0	0	0	0	0	0	0	0	0	0	0	0
"OTU_127"	0	0	0	0	0	1	0	9	0	0	0	0	1	0	0	22	0	0	0	0	3	25	0	1
"OTU_1275"	0	0	0	0	0	0	0	0	0	0	0	0	0	0	0	4	0	0	0	0	0	0	0	0
"OTU_128"	3	16	0	416	1	0	7	0	0	11	0	128	0	0	0	0	0	0	0	0	0	0	0	0
"OTU_1286"	0	0	0	0	0	0	0	0	0	0	0	0	0	0	4	0	0	0	0	0	0	0	0	0
"OTU_1289"	0	0	0	0	2	0	0	0	0	0	0	0	0	0	0	0	0	0	0	0	4	0	0	0
"OTU_1292"	0	0	0	0	0	11	0	0	0	0	0	0	0	0	0	0	0	0	0	0	0	0	0	0
"OTU_1298"	0	0	0	4	1	0	1	0	0	0	0	0	0	0	0	0	0	0	0	0	0	0	0	0
"OTU_13"	27	3237	105	200	261	1635	97	63	156	90	26	18	240	51831	782	160	2484	1181	743	111	6790	211	1047	1259
"OTU_1301"	0	0	0	6	0	0	0	0	0	0	0	0	0	0	0	0	0	0	0	0	0	0	0	0
"OTU_1302"	0	0	0	0	0	0	0	0	0	0	0	0	0	0	0	4	0	0	0	0	0	0	0	0
"OTU_1305"	0	0	2	0	0	5	0	0	0	0	3	0	0	0	0	0	0	0	0	1	0	0	0	0
"OTU_1314"	0	4	0	0	0	0	0	0	0	0	0	0	0	0	0	0	0	0	0	0	0	0	0	0
"OTU_1318"	0	0	0	0	0	0	0	0	0	0	0	0	0	4	0	0	0	0	0	0	0	0	0	0
"OTU_1324"	0	4	0	1	0	0	0	0	0	0	0	0	0	0	0	0	0	0	0	0	0	0	0	0
"OTU_133"	0	0	0	0	0	0	0	0	0	0	0	0	0	0	1	0	0	0	0	0	0	0	0	0
"OTU_1331"	0	0	0	0	0	0	0	0	0	0	0	0	0	0	0	5	0	0	0	0	0	0	0	0
"OTU_1337"	0	0	0	0	0	0	0	4	0	0	0	0	0	0	0	0	0	0	0	0	0	0	0	0
"OTU_1347"	0	0	0	1	4	1	0	0	0	0	0	0	0	0	0	0	0	0	0	2	0	0	0	0
"OTU_1350"	0	0	0	3	0	0	1	0	0	0	0	0	0	0	0	0	0	0	0	0	0	0	0	0
"OTU_1356"	0	1	0	0	0	0	0	0	0	0	0	0	0	0	0	0	0	0	0	0	0	0	0	0
"OTU_137"	0	0	1	0	0	0	0	0	0	0	0	0	0	46	0	0	2	0	118	1	0	264	11	0
"OTU_1375"	0	0	2	0	0	0	0	0	0	6	0	0	0	0	0	0	0	0	0	0	0	0	0	0
"OTU_1382"	0	0	0	0	0	0	0	0	0	0	0	0	0	0	0	0	0	0	0	0	0	1	0	0
"OTU_139"	2	0	7	2	2	309	3	18	3	4	3	26	0	0	0	0	0	0	0	0	3	2	0	1
"OTU_14"	90	4451	297	993	1604	1043	2190	464	713	315	585	99	5118	5229	13943	166	2725	303	1359	155	9276	271	2151	1103
"OTU_140"	0	72	2	5	0	0	0	13	2	16	0	0	0	0	0	0	0	0	0	0	1	0	0	0
"OTU_1401"	0	3	0	0	0	0	0	0	0	0	0	0	0	0	0	0	0	0	0	0	0	0	0	0
"OTU_1403"	0	0	0	0	0	0	0	0	0	0	0	0	0	0	0	4	0	0	0	0	0	0	0	0
"OTU_1404"	0	0	0	0	0	0	0	0	0	0	0	0	0	0	0	0	0	0	0	0	0	0	0	3
"OTU_1407"	0	0	0	0	0	0	0	0	0	0	0	0	0	0	0	0	0	0	0	0	0	3	0	0
"OTU_141"	0	0	0	0	0	0	0	0	0	0	0	0	0	7	0	1	0	0	0	0	0	0	0	1
"OTU_1414"	0	0	0	0	0	0	0	0	0	0	0	0	0	0	0	0	0	0	0	0	0	5	0	0
"OTU_1421"	0	0	0	0	0	0	0	0	0	0	0	0	0	0	0	0	0	0	0	0	3	0	0	0
"OTU_1423"	0	0	0	0	0	0	0	0	1	0	0	0	0	0	0	0	0	0	0	0	0	2	0	0
"OTU_1427"	0	0	0	0	0	0	0	0	0	0	0	0	0	0	3	0	0	0	0	0	0	0	0	0
"OTU_1433"	0	0	0	0	0	0	0	0	0	0	0	0	0	0	0	4	0	0	0	0	0	0	0	0
"OTU_1436"	0	0	0	0	0	4	0	0	0	0	2	0	0	0	0	0	0	0	0	0	0	0	0	0
"OTU_144"	0	23	0	9	9	10	0	0	9	0	5	0	2	0	0	246	0	0	0	1	0	65	0	0
"OTU_146"	0	1	0	13	9	32	38	2	7	0	260	0	0	0	0	0	0	0	0	0	0	0	0	0
"OTU_147"	0	0	0	0	0	0	0	0	0	0	0	0	0	1	0	0	0	0	0	0	0	0	0	0
"OTU_1472"	0	0	0	0	0	0	0	0	0	0	0	0	0	0	0	0	0	0	0	0	3	0	0	0
"OTU_1474"	0	0	0	0	0	0	3	0	0	0	0	0	0	0	0	0	0	0	0	0	0	0	0	0
"OTU_1477"	0	1	0	0	0	0	0	0	0	0	2	0	0	0	0	0	0	0	0	0	0	0	0	0
"OTU_1483"	0	0	0	0	0	0	0	0	0	0	0	0	0	3	0	0	0	0	0	0	0	0	0	0
"OTU_1487"	0	5	0	0	0	0	0	0	0	0	0	0	0	0	0	0	0	0	0	0	0	0	0	0
"OTU_1488"	0	0	0	0	0	0	0	0	0	0	3	0	0	0	0	0	0	0	0	0	0	0	0	0
"OTU_1490"	0	0	0	0	0	0	4	0	0	0	0	0	0	0	0	0	0	0	0	0	0	0	0	0
"OTU_1491"	0	0	0	0	0	5	0	0	0	0	0	0	0	0	0	0	0	0	0	0	0	0	0	0
"OTU_1493"	0	0	0	0	0	4	0	0	0	0	0	0	0	0	0	0	0	0	0	0	0	0	0	0
"OTU_1494"	0	0	0	0	0	0	0	0	0	0	0	0	0	0	8	0	0	0	0	0	0	0	0	0
"OTU_15"	0	38	8	1	2	21	8	32	4	340	2	4	6	16	56747	60	17	7	6	4	166	17	15196	1
"OTU_1503"	0	0	0	0	0	0	1	0	0	0	0	0	0	0	0	0	0	0	0	0	3	0	0	0
"OTU_1515"	0	0	0	0	0	0	0	0	2	0	0	0	0	0	0	0	0	0	0	0	0	0	0	0
"OTU_1518"	0	0	0	4	0	0	0	0	0	0	0	0	0	0	0	0	0	0	0	0	0	0	0	0
"OTU_153"	0	0	0	0	0	0	0	0	0	0	0	0	0	0	2	0	6	0	2	0	34	0	247	0
"OTU_1536"	0	5	0	0	0	0	0	0	0	0	0	0	0	0	0	0	0	0	0	0	0	0	0	0
"OTU_154"	0	8	7	0	0	0	0	0	0	275	0	0	0	0	0	0	0	0	0	0	0	0	0	1
"OTU_1543"	0	0	0	0	0	0	0	2	0	0	0	0	0	0	0	0	0	0	0	0	1	0	0	0
"OTU_1555"	0	0	0	4	0	0	0	0	0	0	0	0	0	0	0	0	0	0	0	0	0	0	0	0
"OTU_156"	0	0	0	0	1	0	0	0	2	0	0	0	0	0	139	0	4	0	0	0	0	0	17	0
"OTU_1564"	0	1	0	0	0	1	0	0	0	1	0	0	0	0	0	0	0	0	0	0	0	0	1	0
"OTU_1565"	0	0	0	0	0	0	0	0	0	0	0	0	0	0	0	2	0	0	0	0	0	0	0	0
"OTU_1573"	0	0	0	2	0	0	0	0	0	0	0	0	0	0	0	0	0	0	0	0	0	0	0	0
"OTU_158"	1	39	1	0	8	6	2	0	3	0	0	2	1	3	0	0	3	1	0	1	36	4	2	5
"OTU_1586"	0	0	0	0	1	0	0	0	0	0	0	0	0	0	0	0	0	0	0	0	0	0	0	0
"OTU_159"	0	1	0	0	12	0	3	1	0	5	0	0	6	26	33	0	211	1	4	1	6	1	8	0
"OTU_1591"	0	0	0	0	0	0	0	0	0	0	0	0	0	0	0	2	0	0	0	0	0	0	0	0
"OTU_16"	0	174	0	11	10	0	0	5	90	0	1	1	23126	14	27	152	6	10	10	1789	8	21396	5	0
"OTU_160"	0	0	0	16	0	0	16	0	15	0	0	0	94	0	0	0	0	0	0	0	0	0	0	0
"OTU_1602"	0	0	0	4	0	0	0	0	0	0	0	0	0	0	0	0	0	0	0	0	0	0	0	0
"OTU_161"	0	10	6	0	271	0	2	7	0	15	0	0	0	0	0	0	0	0	0	0	0	0	0	0
"OTU_1611"	0	0	1	0	0	0	0	0	0	0	0	0	0	0	0	0	0	0	0	0	0	0	0	0
"OTU_1616"	0	0	0	0	0	0	0	0	0	0	0	0	0	0	0	0	3	0	0	0	0	0	0	0
"OTU_162"	0	0	0	0	0	0	0	0	1	215	0	0	0	0	0	0	0	0	0	0	0	0	0	0
"OTU_163"	0	10	0	0	0	0	0	0	0	0	0	0	0	0	1	317	0	0	0	0	0	0	0	0
"OTU_1632"	0	0	0	0	0	0	0	0	0	3	0	0	0	0	0	0	0	0	0	0	0	0	0	0
"OTU_1638"	0	0	0	0	0	0	0	0	1	0	5	0	0	0	0	0	0	0	0	0	0	0	0	0
"OTU_1641"	0	0	0	0	0	0	2	0	0	0	0	0	0	0	0	0	0	0	0	0	0	0	0	0
"OTU_1642"	0	0	0	0	0	0	2	0	0	0	0	0	0	0	0	0	0	0	0	0	0	0	0	0
"OTU_165"	0	32	0	5	0	0	0	0	6	4	0	0	0	0	0	0	0	0	0	0	0	0	0	0
"OTU_1659"	0	2	0	0	0	0	0	0	0	0	0	0	0	0	0	0	0	0	0	0	0	0	0	0
"OTU_1667"	0	0	0	1	0	0	0	0	0	0	0	0	0	0	0	0	0	0	0	0	0	0	0	0
"OTU_167"	0	16	4	4	110	8	12	32	1	0	21	0	5	19	4	0	3	0	1	0	0	2	0	1
"OTU_1674"	0	0	0	2	0	0	0	0	0	0	0	0	0	0	0	0	0	0	0	0	0	0	0	0
"OTU_169"	0	20	57	7	74	4	7	9	16	3	2	7	1	2	0	6	14	0	0	2	5	0	8	1
"OTU_1690"	0	0	0	0	0	0	0	0	0	0	0	0	0	0	0	0	0	0	2	0	0	0	0	0
"OTU_1692"	0	2	0	0	0	0	0	0	0	0	0	0	0	0	0	0	0	0	0	0	0	0	0	0
"OTU_17"	11	8359	185	4872	854	379	32	111	139	38	24	111	1437	684	14	387	120	9	28	5158	238	26	2600	39
"OTU_170"	1	25	0	1	0	5	12	1	0	0	0	0	4	42	15	8	8	0	10	0	5	1	5	7
"OTU_1701"	0	0	0	4	0	0	0	0	0	4	0	0	0	0	0	0	0	0	0	0	0	0	0	0
"OTU_1709"	0	0	0	0	0	0	0	0	0	1	0	0	0	1	0	0	0	0	0	0	0	0	0	0
"OTU_1713"	0	0	0	1	0	0	0	0	0	0	0	0	0	0	0	0	0	0	0	0	0	0	0	0
"OTU_1716"	0	0	0	0	2	0	0	0	0	0	0	0	0	0	0	0	0	0	0	0	0	1	0	0
"OTU_173"	0	8	0	0	40	4	0	0	0	0	0	0	1	0	10	0	25	1	0	0	0	0	50	0
"OTU_1738"	0	24	5	0	12	0	0	2	0	0	0	1	0	2	1	0	2	0	2	0	9	0	0	2
"OTU_1741"	0	0	0	2	0	0	0	0	0	0	0	0	0	0	0	0	0	0	0	0	0	0	0	0
"OTU_1747"	0	0	0	3	0	0	0	0	0	0	0	0	0	0	0	0	0	0	0	0	0	0	0	0
"OTU_175"	0	0	0	0	0	0	0	0	1	0	0	0	0	0	0	0	1	0	0	0	0	0	0	0
"OTU_1761"	0	0	0	0	0	0	0	0	0	0	0	0	0	0	0	3	0	0	0	0	0	0	0	0
"OTU_177"	1	86	0	14	10	23	20	16	1	4	1	0	25	12	6	0	16	1	3	0	9	1	1	0
"OTU_1773"	0	0	0	0	0	0	0	0	0	0	0	1	0	0	0	0	0	0	0	0	0	0	0	0
"OTU_1778"	0	0	0	0	0	0	0	0	0	0	0	0	0	0	1	0	0	0	0	0	0	0	0	2
"OTU_1779"	0	0	0	0	0	0	0	0	0	0	0	0	0	0	0	4	0	0	0	0	0	0	0	0
"OTU_179"	0	18	7	1	3	41	5	2	2	2	2	0	25	34	22	4	23	2	2	0	7	3	1	0
"OTU_1790"	0	0	0	0	0	2	0	0	0	0	0	0	0	0	0	0	0	0	0	0	0	0	0	0
"OTU_1799"	0	0	0	0	0	0	0	0	0	0	0	0	0	0	0	0	0	0	0	0	0	1	0	0
"OTU_18"	5	0	16	8	11	4	22158	11	0	131	7	0	16596	10	6	47	15	13	18	12994	26	304	13	0
"OTU_180"	0	7	2	3	0	1	7	0	2	1	2	0	0	0	0	1	0	0	0	0	0	0	0	0
"OTU_1801"	0	1	0	0	0	0	0	0	0	0	0	0	0	0	0	0	0	0	0	0	0	0	0	0
"OTU_1802"	0	0	0	2	0	0	0	0	0	0	0	0	0	0	0	0	0	0	0	0	0	0	0	0
"OTU_1807"	0	0	0	0	1	0	0	0	0	0	0	0	0	0	0	0	0	0	0	0	0	0	0	0
"OTU_1809"	0	0	0	0	0	0	0	0	0	0	0	0	0	0	0	2	0	0	0	0	0	0	0	0
"OTU_181"	0	5	0	0	3	0	0	0	1	1	0	0	0	0	0	0	0	0	0	0	0	0	311	0
"OTU_1815"	0	0	0	0	0	0	2	0	0	0	0	0	0	0	0	0	0	0	0	0	0	0	0	0
"OTU_182"	0	30	2	26	13	13	5	0	3	0	0	2	0	0	0	0	0	0	5	0	0	0	0	0
"OTU_1829"	0	0	0	2	0	0	0	0	0	0	0	0	0	0	0	0	0	0	0	0	0	0	0	0
"OTU_183"	0	37	2	3	31	5	2	4	1	8	2	2	0	8	9	0	8	0	0	1	0	1	0	0
"OTU_1836"	0	0	0	0	1	0	0	0	0	0	0	0	0	0	0	0	0	0	0	0	0	0	0	0
"OTU_184"	0	0	0	0	0	0	0	0	33	0	0	0	1	1	0	4	0	2	0	0	14	0	0	0
"OTU_1840"	0	2	0	0	0	0	0	0	0	0	0	0	0	0	0	0	0	0	0	0	0	0	0	0
"OTU_1853"	0	0	0	0	0	0	0	0	0	0	0	0	0	0	0	0	0	0	0	0	2	0	0	0
"OTU_186"	0	0	0	0	0	0	0	0	1	0	0	0	0	0	0	0	0	0	0	0	0	0	0	0
"OTU_1862"	0	0	0	0	6	1	0	0	0	0	0	0	0	0	0	0	0	0	0	0	0	0	0	0
"OTU_1866"	0	0	0	0	0	0	0	0	0	0	0	0	0	0	0	0	0	0	0	0	0	0	2	0
"OTU_187"	4	17	6	27	20	66	16	3	9	1	1	2	1	35	11	1	1	0	0	0	23	32	0	3
"OTU_1871"	0	0	0	0	0	0	0	0	0	0	1	0	0	0	0	0	0	0	0	0	0	0	0	0
"OTU_1879"	0	0	0	0	0	0	0	0	0	0	0	0	0	0	0	0	2	0	0	0	0	0	0	0
"OTU_1880"	0	0	1	0	0	0	0	0	0	0	0	0	0	0	0	0	0	0	0	0	0	0	0	0
"OTU_190"	1	0	0	0	0	0	0	0	0	0	0	0	0	0	0	0	0	0	0	0	0	0	0	0
"OTU_191"	0	18	0	0	52	4	2	7	2	0	0	0	0	0	9	0	0	0	0	0	0	0	19	0
"OTU_192"	0	1	2	0	8	0	0	0	0	0	0	0	4	25	75	5	14	1	2	2	15	1	35	19
"OTU_1925"	0	0	0	0	3	0	0	0	0	0	0	0	0	0	0	0	0	0	0	0	0	0	0	0
"OTU_1929"	0	0	0	2	0	0	0	0	0	0	0	0	0	0	0	0	0	0	0	0	0	0	0	0
"OTU_1938"	0	0	0	2	0	0	0	0	0	0	0	0	0	0	0	0	0	0	0	0	0	0	0	0
"OTU_194"	0	0	0	0	0	0	0	0	0	0	0	0	0	5	0	0	227	0	0	0	27	0	0	0
"OTU_1945"	0	0	0	0	0	0	0	0	1	0	0	0	0	0	0	0	2	0	0	0	0	0	0	0
"OTU_1954"	0	2	0	0	0	0	0	0	0	0	0	0	0	0	0	0	0	0	0	0	0	0	0	0
"OTU_1956"	0	1	0	0	0	0	0	0	0	0	0	0	0	0	0	0	0	0	0	0	0	0	0	0
"OTU_196"	0	32	2	15	27	13	65	0	16	1	157	0	0	0	0	0	0	0	0	0	0	0	0	0
"OTU_1963"	0	2	0	0	0	0	0	0	0	0	0	0	0	0	0	0	0	0	0	0	0	0	0	0
"OTU_1973"	0	0	0	0	0	4	0	0	0	0	0	0	0	0	0	0	0	0	0	0	0	0	0	0
"OTU_1983"	0	2	0	0	0	0	0	0	0	0	0	0	0	0	0	0	0	0	0	0	0	0	0	0
"OTU_1985"	0	0	0	0	0	0	0	0	0	0	0	0	0	0	0	0	2	0	0	0	0	0	0	0
"OTU_1990"	0	0	0	0	0	0	0	2	0	0	0	0	0	0	0	0	0	0	0	0	0	0	0	0
"OTU_1994"	0	0	0	0	0	0	0	0	0	0	0	0	0	0	3	0	0	0	0	0	0	0	0	0
"OTU_2"	41	7341	103	91894	4960	108	49412	9046	5288	14855	75574	111697	10476	56	76	80893	10	12	17	1055	15	14250	19	0
"OTU_2019"	0	3	0	0	0	0	0	0	0	0	0	0	0	0	0	0	0	0	0	0	0	0	0	0
"OTU_2022"	0	0	0	0	2	0	0	0	0	0	0	0	0	0	0	0	0	0	0	0	0	0	0	0
"OTU_203"	0	1	0	0	0	0	0	200	0	0	0	0	0	0	0	0	0	0	0	0	0	0	0	0
"OTU_2031"	0	0	0	0	0	0	2	0	0	0	1	0	0	0	0	0	0	0	0	0	0	0	0	0
"OTU_2035"	0	0	0	0	0	0	0	0	0	0	0	0	0	8	0	0	2	0	18	0	0	24	0	0
"OTU_2039"	0	0	0	1	0	0	0	0	0	0	0	0	0	0	0	0	0	0	0	0	0	0	0	0
"OTU_204"	0	0	0	0	0	0	0	0	0	0	0	0	0	1	0	207	0	0	0	0	0	0	0	0
"OTU_2056"	0	0	0	2	0	0	0	0	0	0	0	0	0	0	0	0	0	0	0	0	0	0	0	0
"OTU_2063"	0	0	0	0	0	0	0	0	0	2	0	0	0	0	0	0	0	0	0	0	0	0	0	0
"OTU_2065"	0	0	1	0	0	0	0	1	0	0	0	0	0	0	0	0	0	0	0	0	0	0	0	0
"OTU_2067"	0	0	0	0	0	0	0	0	0	0	0	0	0	2	0	0	0	0	0	0	0	0	0	0
"OTU_2071"	0	0	0	0	0	0	0	0	0	0	0	0	0	0	1	0	2	0	0	0	0	0	0	0
"OTU_208"	0	8	4	9	122	1	0	18	7	7	9	0	1	0	0	0	0	0	0	0	0	0	0	0
"OTU_2089"	0	0	0	0	2	1	0	0	0	0	0	0	0	0	0	0	0	0	0	0	0	0	0	0
"OTU_209"	0	4	0	3	0	0	0	1	0	63	0	1	0	0	0	0	1	0	0	0	5	0	54	1
"OTU_2090"	0	0	0	0	0	0	0	0	0	0	0	0	0	2	0	0	0	0	0	0	0	0	0	0
"OTU_2095"	0	0	3	0	0	0	0	0	0	0	0	0	0	0	0	0	0	0	0	0	0	0	0	0
"OTU_21"	27	811	53	551	301	588	223	72	55	130	103	18	841	2896	1125	51	1182	16373	4063	24	717	75	258	197
"OTU_210"	0	0	0	7	0	0	0	0	0	0	0	0	0	0	0	0	0	0	0	0	0	0	0	0
"OTU_2114"	0	1	0	0	0	0	0	0	0	2	0	0	0	0	0	0	0	0	0	0	0	0	0	0
"OTU_2116"	0	0	0	4	0	0	0	0	0	0	0	0	0	0	0	0	0	0	0	0	0	0	0	0
"OTU_2123"	0	0	0	0	0	0	0	0	0	2	0	0	0	0	0	0	0	0	0	0	0	0	0	0
"OTU_2125"	0	0	0	0	0	0	0	0	0	0	0	2	0	0	0	0	0	0	0	0	0	0	0	0
"OTU_2141"	0	0	0	0	0	0	0	2	0	0	0	0	0	0	0	0	0	0	0	0	0	0	0	0
"OTU_2144"	0	0	0	0	0	0	0	0	0	0	0	0	0	0	0	0	0	0	0	0	0	0	0	1
"OTU_2149"	0	0	0	0	2	0	0	0	0	0	0	0	0	0	0	0	0	0	0	0	0	0	0	0
"OTU_215"	0	7	0	0	0	0	0	0	0	0	0	0	0	0	0	35	0	0	0	0	0	0	0	0
"OTU_2150"	0	0	0	0	0	1	0	0	0	0	0	1	0	0	0	0	0	0	0	0	0	0	0	0
"OTU_2152"	0	0	0	0	0	7	0	0	0	0	0	0	0	0	0	0	0	0	0	0	0	0	0	0
"OTU_216"	0	12	0	42	5	1	0	0	0	0	0	9	0	0	0	0	5	0	0	0	0	0	0	1
"OTU_217"	0	0	0	0	0	0	0	0	0	0	0	0	0	0	0	0	201	0	0	0	0	0	0	0
"OTU_2171"	0	0	0	0	0	0	0	0	0	0	0	0	0	0	0	0	2	0	0	0	0	0	0	0
"OTU_2174"	0	0	0	2	0	0	0	0	0	0	0	0	0	0	0	0	0	0	0	0	0	0	0	0
"OTU_2180"	0	0	0	0	2	0	0	0	0	0	0	0	0	0	0	0	0	0	0	0	0	0	0	0
"OTU_2188"	0	0	0	0	0	0	0	3	0	0	0	0	0	0	0	0	0	0	0	0	0	0	0	0
"OTU_219"	0	18	0	4	16	0	0	0	0	2	0	0	3	0	0	0	0	0	0	0	0	0	0	0
"OTU_2193"	0	0	0	2	0	0	0	0	0	0	0	0	0	0	0	0	0	0	0	0	0	0	0	0
"OTU_22"	0	0	4	0	3	0	0	0	3	1	0	0	0	0	0	0	8	0	0	0	0	0	0	1
"OTU_2210"	0	0	0	0	0	2	0	0	0	0	0	0	0	0	0	0	0	0	0	0	0	0	0	0
"OTU_2223"	0	0	0	0	0	0	0	0	0	0	0	0	0	0	0	0	0	0	0	0	3	0	0	0
"OTU_2225"	0	0	0	3	0	0	0	0	0	0	0	0	0	0	0	0	0	0	0	0	0	0	0	0
"OTU_2230"	0	0	0	2	0	0	0	0	0	0	0	0	0	0	0	0	0	0	0	0	0	0	0	0
"OTU_2249"	0	0	0	0	0	1	0	0	0	0	0	0	0	1	0	0	0	0	0	0	0	0	0	0
"OTU_225"	0	96	0	0	0	0	0	0	0	0	0	0	0	0	2	0	0	0	0	0	0	0	0	0
"OTU_2256"	0	0	0	0	3	0	0	0	0	0	0	0	0	0	0	0	0	0	0	0	0	0	0	0
"OTU_226"	0	7	0	1	6	32	0	0	0	7	3	0	0	0	3	0	17	0	0	0	1	0	0	0
"OTU_2265"	0	0	0	0	0	0	0	0	0	3	0	0	0	0	0	0	0	0	0	0	0	0	0	0
"OTU_2267"	0	0	0	0	0	0	0	0	0	2	0	0	0	0	0	0	0	0	0	0	0	0	0	0
"OTU_227"	0	0	0	0	0	157	0	0	0	0	0	0	0	0	0	0	0	0	0	0	0	0	0	0
"OTU_2275"	0	0	0	2	0	0	0	0	0	0	0	0	0	0	0	0	0	0	0	0	0	0	0	0
"OTU_2276"	0	1	0	0	0	0	0	0	0	0	0	0	0	0	0	0	0	0	0	0	0	0	0	0
"OTU_229"	1	144	0	2	7	0	0	0	0	1	0	0	0	0	0	0	0	0	0	0	0	0	0	0
"OTU_23"	0	14	321	0	0	0	91	2	492	0	5	21	111	489	40728	394	36	58	63	22	2355	143	527	135
"OTU_230"	0	0	0	0	0	0	0	0	0	0	0	0	2	0	0	0	0	0	0	0	152	0	0	2
"OTU_2311"	0	0	0	0	0	2	0	0	0	0	0	0	0	0	0	0	0	0	0	0	0	0	0	0
"OTU_2313"	0	0	0	0	0	0	0	0	0	0	0	0	0	0	0	0	2	0	0	0	0	0	0	0
"OTU_2317"	0	0	0	0	0	0	1	0	0	0	0	0	0	0	0	0	0	0	0	0	0	0	0	0
"OTU_2318"	0	0	0	0	0	0	0	0	0	0	0	0	2	0	0	0	0	0	0	0	0	0	0	0
"OTU_2324"	0	4	0	0	0	0	0	0	0	0	0	0	0	0	0	0	0	0	0	0	0	0	0	0
"OTU_2325"	0	0	0	3	0	0	0	0	0	0	0	1	0	0	0	0	0	0	0	0	0	0	0	0
"OTU_2337"	0	0	0	0	0	2	0	0	0	0	0	0	0	0	0	0	0	0	0	0	0	0	0	0
"OTU_235"	0	0	0	0	0	0	0	0	0	0	0	0	122	0	2	0	0	0	0	1	0	28	0	0
"OTU_2350"	0	0	0	0	0	0	0	2	0	0	0	0	0	0	0	0	0	0	0	0	0	0	0	0
"OTU_2353"	0	0	0	0	0	0	0	0	2	0	0	0	0	0	0	0	0	0	0	0	0	0	0	0
"OTU_236"	0	16	2	7	7	9	4	0	1	2	1	0	0	0	5	0	0	0	0	0	1	1	0	0
"OTU_2368"	0	0	0	0	0	0	0	0	0	0	0	0	0	0	0	0	0	0	1	0	1	0	0	0
"OTU_237"	0	0	0	1	0	0	0	0	0	0	0	0	0	0	0	0	0	0	1	0	0	0	0	0
"OTU_2378"	0	0	0	0	0	0	1	0	0	1	0	0	0	0	0	0	0	0	0	0	0	0	0	0
"OTU_238"	0	0	0	0	0	0	1	0	1	0	1	0	6	30	13	3	3	1	5	0	2	8	5	4
"OTU_239"	0	0	0	0	0	0	0	0	0	0	0	0	1	0	0	0	0	0	0	0	0	0	0	0
"OTU_243"	0	22	9	5	9	16	12	1	13	1	4	0	1	24	6	0	3	0	0	0	0	0	0	1
"OTU_248"	0	0	0	1	0	0	0	69	0	0	0	0	0	0	0	0	0	0	0	0	0	0	0	0
"OTU_249"	0	1	0	0	0	3	0	0	0	0	0	0	0	0	0	0	0	0	0	0	0	0	0	0
"OTU_25"	0	12	4	11	9	22	23	46200	0	0	0	0	0	0	25	0	0	0	0	0	0	6	0	0
"OTU_250"	1	0	7	1	0	11	0	6	1	2	2	0	0	6	0	0	0	0	0	0	0	0	0	0
"OTU_251"	0	0	0	0	112	0	0	0	0	0	0	0	0	0	0	0	0	0	0	0	0	0	0	0
"OTU_252"	0	36	0	0	0	0	0	0	0	0	0	0	0	0	0	0	0	0	0	0	0	0	0	0
"OTU_256"	0	0	0	0	0	0	0	0	0	0	0	1	0	0	0	0	0	0	0	0	0	0	0	0
"OTU_260"	0	0	1	4	10	4	2	4	0	3	0	0	0	12	9	0	0	0	0	0	0	2	0	1
"OTU_264"	0	31	0	0	0	0	0	0	0	0	0	0	0	0	0	0	1	0	0	0	0	0	0	0
"OTU_267"	0	6	0	0	0	0	0	0	0	0	0	0	0	0	0	0	0	0	0	0	0	0	0	0
"OTU_268"	0	161	1	6	0	0	0	0	0	0	0	0	0	0	0	0	0	0	0	0	0	0	0	0
"OTU_27"	11	3792	274	2072	2784	10436	1112	416	2866	2852	68	610	1786	5	96	169	238	11	496	56	4279	115	1341	0
"OTU_270"	0	1	0	5	0	0	0	0	1	0	0	0	0	0	0	1	0	0	0	0	0	7	0	0
"OTU_272"	0	0	0	0	0	0	0	0	0	0	0	0	1	0	0	0	0	0	0	0	0	0	0	0
"OTU_273"	0	0	0	0	0	0	0	4	0	0	0	1	1	0	1	0	0	0	0	0	1	9	0	0
"OTU_274"	0	0	0	0	0	0	0	0	0	0	0	0	0	0	0	0	0	0	0	0	85	0	0	0
"OTU_277"	0	16	0	11	1	0	2	3	6	0	1	0	1	5	0	0	0	0	1	0	5	5	0	0
"OTU_28"	1	0	0	0	0	0	0	0	0	7	0	0	12	24	15	14	0	4	0	0	0	0	0	0
"OTU_282"	0	62	0	2	1	2	6	0	0	1	2	0	5	4	13	0	0	0	0	0	11	0	3	1
"OTU_283"	0	0	0	0	0	0	0	0	0	0	0	0	17	0	0	1	0	0	0	0	0	31	0	0
"OTU_284"	0	0	0	0	0	0	0	0	0	0	2	0	0	0	0	0	0	0	0	0	5	0	0	0
"OTU_286"	0	0	0	0	6	2	0	0	0	0	0	0	1	0	0	0	1	0	0	0	0	0	0	0
"OTU_287"	0	0	1	0	0	0	1	0	0	0	0	0	0	0	0	0	0	0	0	0	0	0	0	0
"OTU_288"	0	18	13	12	6	7	0	0	0	4	0	1	0	3	0	21	0	0	0	0	0	1	0	0
"OTU_292"	0	1	0	2	0	0	0	0	1	0	0	0	80	0	0	0	0	0	0	0	0	0	0	0
"OTU_295"	0	0	0	0	0	0	0	0	0	102	0	0	0	0	0	0	0	0	0	0	0	0	0	0
"OTU_298"	0	3	0	0	0	0	0	0	0	0	0	0	1	2	1	0	0	0	0	0	1	0	4	0
"OTU_3"	42783	793	1934	46	43	556	26	837	120	51	67	29	5	28	31	5	0	1	13	3	138	7	0	0
"OTU_30"	4	0	0	2	1	0	2	0	0	0	0	17	268	1625	95	41	5089	26	361	3831	17613	64	769	156
"OTU_303"	0	3	1	13	2	8	41	1	0	0	8	0	0	1	4	0	0	23	3	0	10	0	0	1
"OTU_306"	1	37	4	4	8	10	13	1	0	13	1	0	0	1	0	0	0	0	0	0	0	0	0	0
"OTU_307"	0	0	0	0	0	0	0	0	0	0	0	0	0	0	0	1	0	0	0	0	0	0	0	0
"OTU_309"	0	0	6	5	0	0	0	25	0	0	2	0	0	0	27	12	0	0	0	1	0	0	0	0
"OTU_31"	14	0	45	79	14	0	10	0	111	0	56	24	3939	27	0	113	14	0	0	111	4	7	3	0
"OTU_310"	0	0	0	0	0	0	0	0	0	0	1	0	1	0	0	0	1	0	0	0	0	0	0	0
"OTU_32"	3	1	0	0	3	0	0	3	6	3	1	3	14	2	10	0	0	0	0	0	0	1	0	0
"OTU_321"	0	0	0	1	0	0	0	0	0	0	0	0	0	0	0	0	0	0	0	0	0	0	79	0
"OTU_322"	0	0	0	0	0	0	0	0	0	0	0	0	0	0	0	0	0	0	0	0	9	28	0	0
"OTU_323"	0	0	0	1	0	0	0	0	0	0	0	0	0	0	1	0	75	0	0	0	165	0	0	0
"OTU_324"	0	0	0	7	47	0	0	0	0	0	0	0	0	0	0	0	0	0	0	0	0	0	0	0
"OTU_326"	0	53	0	0	0	0	0	0	3	2	0	0	0	0	2	0	2	0	0	0	1	0	0	4
"OTU_331"	0	68	0	0	0	0	0	0	0	0	0	0	0	0	0	0	2	0	0	0	0	0	0	0
"OTU_332"	0	0	0	0	0	0	0	0	0	0	0	0	0	1	0	52	0	0	0	0	0	0	0	0
"OTU_334"	0	11	11	0	5	14	12	0	2	0	0	1	0	0	0	1	0	0	1	0	0	2	0	4
"OTU_335"	0	0	0	4	0	11	3	0	0	0	0	0	0	0	0	0	0	0	0	0	0	0	0	0
"OTU_336"	0	105	0	0	0	0	0	0	3	0	1	0	0	0	0	0	0	0	0	0	0	0	0	0
"OTU_337"	0	57	0	0	0	0	0	0	0	1	0	0	0	0	0	0	0	0	0	0	0	0	0	0
"OTU_339"	0	65	0	0	0	0	0	0	0	0	0	0	0	0	0	0	0	0	0	0	0	0	0	0
"OTU_341"	0	0	0	0	0	0	0	0	1	0	0	0	0	0	0	0	0	0	0	0	0	0	0	0
"OTU_342"	0	0	0	0	0	0	0	0	0	0	0	0	1	27	8	3	3	2	0	0	9	0	5	12
"OTU_343"	0	63	0	0	0	0	0	0	0	0	0	0	0	0	0	0	0	0	0	0	0	0	0	0
"OTU_345"	0	0	0	0	3	0	0	0	0	0	0	0	0	0	0	0	0	0	0	0	0	0	0	0
"OTU_347"	0	0	0	0	0	0	0	0	5	0	0	1	0	0	0	0	0	0	0	0	0	0	0	0
"OTU_348"	0	2	0	0	0	1	0	0	2	0	0	0	0	0	0	0	0	0	0	0	0	0	0	0
"OTU_349"	0	29	0	1	12	0	1	9	0	0	0	0	0	1	0	0	0	0	0	0	4	0	0	0
"OTU_35"	676	2	849	62	0	1539	5	968	0	19	0	1	0	1	0	0	0	2	0	0	0	0	0	0
"OTU_353"	0	0	0	0	0	0	0	0	2	0	0	0	0	0	0	0	0	0	0	0	0	0	0	0
"OTU_354"	0	7	0	12	4	12	0	0	5	0	0	0	0	0	0	1	0	0	0	0	0	0	0	0
"OTU_355"	0	6	2	12	0	0	1	0	0	0	0	3	0	0	0	0	0	0	1	0	0	0	9	0
"OTU_356"	0	0	0	0	12	0	0	0	0	0	0	0	0	0	0	0	0	0	0	0	0	0	0	0
"OTU_359"	0	2	0	15	15	0	0	0	2	0	0	0	0	0	0	0	0	0	0	0	0	0	0	0
"OTU_36"	2	0	0	0	0	0	4	1	0	1	2	1	0	9	2	3	0	0	0	0	1	0	0	0
"OTU_363"	0	0	0	8	0	0	0	0	0	0	16	0	0	0	0	0	0	0	0	0	0	0	0	0
"OTU_365"	0	0	0	0	0	0	80	0	0	0	0	0	0	0	0	0	0	0	0	0	0	0	0	0
"OTU_367"	1	8	3	4	15	12	0	0	6	0	0	3	0	0	0	0	0	0	0	0	0	0	0	0
"OTU_37"	2	1	2	0	10	6	0	0	12639	7	22	7	4	0	14	0	0	2	4	3	5	5070	1	2
"OTU_374"	0	35	7	0	1	5	0	0	0	0	1	0	0	0	0	0	0	0	0	0	0	0	0	0
"OTU_375"	0	68	0	0	0	0	0	0	0	0	0	0	0	0	0	0	0	0	0	0	0	0	0	0
"OTU_379"	0	2	15	0	17	0	0	0	2	2	0	1	1	0	0	0	0	0	0	0	0	0	9	0
"OTU_380"	0	0	0	0	0	0	0	0	0	0	0	0	0	0	0	0	0	0	1	0	0	0	0	0
"OTU_387"	0	0	0	0	0	0	0	0	0	0	0	0	0	0	0	19	0	0	0	0	0	0	0	0
"OTU_388"	0	0	0	0	0	4	0	0	0	1	0	0	0	0	4	0	0	0	0	0	0	0	0	3
"OTU_389"	0	0	1	1	14	33	1	2	0	3	0	0	0	0	0	0	0	0	0	0	0	0	0	0
"OTU_39"	27	696	152	195	781	305	515	67	116	74	56	16	527	279	218	13	383	13	523	0	1203	59	103	123
"OTU_392"	0	8	0	0	3	0	0	1	0	0	0	0	0	1	0	0	0	0	0	0	0	0	0	0
"OTU_397"	0	5	1	5	18	17	4	0	0	9	0	0	0	12	0	0	6	0	1	0	1	1	0	0
"OTU_398"	0	0	0	0	0	0	0	0	0	0	0	0	3	15	2	0	4	0	1	0	12	0	1	0
"OTU_399"	0	6	0	0	0	5	0	0	0	41	1	0	0	0	0	0	0	0	0	0	0	0	0	0
"OTU_4"	19	15	0	0	1	0	5	9	19	28	5	14	5	55	38	72	0	8	0	2	16	1	14	0
"OTU_40"	6	100	43	23	280	80	26	59	5	753	8	14	7	203	0	13	1716	11	63	2	363	12	8324	4
"OTU_401"	0	0	0	0	0	0	0	0	0	0	0	0	0	2	12	2	5	0	4	0	7	0	0	1
"OTU_406"	0	44	0	0	1	0	0	0	0	3	0	0	0	0	0	0	0	0	0	0	0	0	0	0
"OTU_41"	47	848	103	175	556	308	582	121	32	227	16	9	168	331	160	26	517	14	140	5	350	31	177	79
"OTU_411"	0	0	3	0	0	0	0	0	0	1	0	0	2	0	0	0	0	0	0	0	0	2	0	0
"OTU_412"	0	0	0	0	0	0	0	0	27	0	15	0	0	0	0	0	0	0	0	0	0	0	0	0
"OTU_416"	0	29	1	0	2	0	0	0	3	9	0	1	0	0	0	0	0	0	0	0	0	0	0	0
"OTU_417"	0	13	0	0	0	0	0	0	1	0	0	0	1	0	0	0	0	0	0	0	0	0	0	0
"OTU_42"	26	66	7	7	6	773	7	12	38	3	0	29	149	9	13	3	146	1	4	2	75	23	850	125
"OTU_423"	0	0	0	0	0	0	0	0	0	0	0	0	0	0	0	0	7	0	0	0	0	3	35	0
"OTU_427"	0	0	0	0	0	0	41	0	0	0	0	0	0	0	0	0	0	0	0	0	0	0	0	0
"OTU_428"	30	0	0	14	0	0	0	0	0	0	0	1	0	0	0	0	0	0	0	0	0	0	0	0
"OTU_431"	5	20	1	0	1	2	1	0	0	2	1	0	0	0	0	0	0	0	0	0	0	0	0	0
"OTU_432"	0	0	0	0	2	0	1	0	2	0	0	0	0	0	0	0	0	0	0	0	0	0	0	0
"OTU_433"	0	0	6	0	0	17	0	13	0	1	0	0	0	0	0	0	0	0	0	0	0	0	0	0
"OTU_435"	0	0	0	19	1	0	0	0	0	0	0	3	0	0	0	0	0	0	0	0	0	0	0	0
"OTU_438"	0	0	0	12	0	25	0	0	0	0	0	0	0	0	0	0	0	0	0	0	0	0	0	0
"OTU_439"	0	0	3	0	4	0	2	0	0	0	0	0	0	1	0	0	0	0	0	0	0	0	0	2
"OTU_44"	0	0	0	0	0	0	0	0	20	9193	0	1	0	0	0	6	0	0	0	0	0	0	0	1
"OTU_446"	0	65	0	0	0	0	2	0	0	0	0	2	0	8	0	0	1	0	0	0	2	0	1	1
"OTU_45"	0	0	0	0	0	0	0	0	0	1	2	0	4	3	2	1	0	1	0	0	1	0	1	0
"OTU_453"	0	0	0	0	22	18	0	0	0	0	0	0	0	0	0	0	0	0	0	0	0	0	0	0
"OTU_457"	0	28	8	0	0	0	0	1	1	0	0	1	1	0	0	3	0	0	0	0	0	0	0	0
"OTU_459"	0	41	0	0	0	0	0	0	0	0	0	0	0	0	0	0	0	0	0	0	0	0	0	0
"OTU_46"	0	3	2	31	1	2	6823	5	0	0	0	14	0	6	0	0	23	0	0	1	1	1	0	0
"OTU_461"	0	6	2	7	121	8	11	11	2	0	5	0	2	2	1	0	1	0	2	0	1	0	0	0
"OTU_462"	0	0	0	6	0	0	0	0	0	0	0	0	0	0	0	0	0	0	0	0	0	0	0	0
"OTU_463"	2	0	0	0	0	4	0	0	20	10	0	0	0	0	0	0	0	0	0	0	0	0	0	0
"OTU_465"	0	0	0	0	0	18	0	0	0	4	0	0	0	0	0	0	0	0	0	0	0	0	13	0
"OTU_466"	0	0	0	0	9	0	0	0	0	0	0	0	0	0	0	0	0	0	0	0	0	0	0	0
"OTU_469"	0	0	0	3	0	0	0	0	0	0	0	1	0	0	0	0	0	0	0	0	0	0	0	0
"OTU_47"	0	0	0	0	0	0	0	0	0	0	0	0	0	0	0	8	0	0	0	0	0	0	1	0
"OTU_472"	0	33	0	0	1	1	0	0	0	0	0	0	0	0	0	0	0	0	0	0	0	0	0	0
"OTU_476"	0	0	0	0	0	0	0	0	0	0	1	0	0	4	0	0	0	0	0	0	0	0	0	0
"OTU_477"	0	0	0	0	1	0	1	2	0	0	0	0	0	0	0	0	0	0	0	0	0	0	0	0
"OTU_478"	0	0	0	0	2	0	0	0	0	0	0	0	1	0	0	0	0	0	0	0	0	0	0	0
"OTU_48"	5	375	13	56	345	65	6723	11	33	25	20	6	0	13	1	5	11	0	0	0	1	7	0	1
"OTU_483"	0	0	0	1	0	3	0	0	0	0	0	0	0	0	0	32	0	0	0	0	0	0	0	0
"OTU_484"	1	6	0	4	15	4	0	0	5	0	0	0	1	4	2	0	0	0	0	0	0	0	0	0
"OTU_490"	0	30	0	0	4	0	0	0	7	0	0	0	0	0	0	0	0	0	0	0	0	0	0	0
"OTU_493"	0	0	32	0	0	0	1	0	0	0	0	0	0	0	0	0	0	0	0	0	0	0	0	0
"OTU_496"	0	0	0	26	0	0	0	3	0	0	0	0	0	0	0	0	0	0	0	0	0	0	0	0
"OTU_5"	479	14256	2109	10486	30774	14627	7891	2702	3772	3656	4180	609	6296	6726	9258	275	7205	407	3384	225	4447	153	2574	2665
"OTU_50"	3	384	45	40	148	135	81	19	23	87	18	11	0	18	11	8	1632	18	3	2	221	49	3	6
"OTU_501"	0	0	0	0	0	0	0	0	0	0	0	0	48	0	0	0	0	0	0	0	0	0	0	0
"OTU_502"	0	9	2	7	4	0	0	0	1	0	3	0	0	0	0	0	4	0	0	0	0	0	0	0
"OTU_503"	0	0	0	0	4	0	0	0	0	0	0	0	0	0	0	0	0	0	0	0	0	0	0	0
"OTU_507"	0	0	4	0	6	0	0	5	0	1	0	0	0	2	0	0	0	0	0	0	0	1	0	0
"OTU_510"	0	0	0	0	0	0	0	5	0	0	0	0	0	0	0	0	15	0	0	0	2	0	0	1
"OTU_517"	0	0	5	0	0	1	0	0	0	0	0	0	0	0	0	0	0	0	0	0	0	0	0	0
"OTU_518"	0	3	0	0	1	20	0	0	0	0	0	0	2	0	0	0	0	0	0	0	0	0	0	0
"OTU_519"	0	5	0	1	1	20	0	0	4	3	0	0	0	0	0	1	0	0	0	0	0	0	0	0
"OTU_521"	0	27	0	0	0	0	0	0	0	0	0	0	0	0	0	0	0	0	0	0	0	0	0	0
"OTU_522"	0	0	17	12	0	0	0	0	3	0	1	1	0	0	0	0	0	0	0	0	0	0	0	0
"OTU_524"	0	3	1	4	0	2	0	0	1	0	2	0	0	0	0	0	0	0	0	0	0	1	0	0
"OTU_53"	0	0	3	4	5140	3	3	2	0	0	1	0	7	0	0	0	0	0	0	1	0	0	0	0
"OTU_534"	0	0	1	0	0	0	0	0	0	0	0	0	0	0	0	0	0	0	0	0	0	0	0	0
"OTU_541"	0	0	0	0	0	0	2	0	1	0	0	0	0	0	23	0	0	0	0	0	0	0	0	0
"OTU_542"	0	22	0	0	0	0	0	0	0	0	1	0	0	0	0	0	0	0	0	0	0	0	0	0
"OTU_544"	0	0	0	0	0	0	0	0	0	0	0	0	0	0	0	0	0	0	0	0	0	0	0	1
"OTU_546"	0	0	0	1	10	0	0	0	0	0	0	0	0	0	0	0	0	0	0	0	0	0	0	2
"OTU_549"	0	49	0	0	0	0	0	0	0	0	0	0	0	0	1	0	0	0	0	0	0	0	0	0
"OTU_552"	0	25	0	0	0	0	0	0	0	0	0	0	0	0	0	0	0	0	0	0	0	0	0	0
"OTU_56"	5	0	0	209	0	0	8	0	34	66	9	12	3871	3	0	0	0	0	0	91	0	0	0	0
"OTU_560"	0	0	0	0	8	7	0	0	0	0	0	0	0	0	0	6	0	0	0	0	0	0	0	0
"OTU_567"	2	0	0	0	1	0	0	0	4	4	0	0	0	0	0	0	0	0	0	0	0	0	0	0
"OTU_57"	0	0	0	0	0	0	1	0	0	2	0	0	1	3	0	0	0	1	0	0	0	0	0	0
"OTU_570"	0	0	0	0	24	0	0	0	0	0	0	0	0	0	0	0	0	0	0	0	0	0	0	0
"OTU_575"	0	0	2	0	0	0	0	0	0	0	0	0	0	0	0	0	0	0	0	1	0	0	18	0
"OTU_58"	7	132	0	3659	37	50	19	1	3	3	10	5	6	0	0	8	1	4	10	1	76	3	46	1
"OTU_585"	0	0	0	0	0	0	0	0	0	0	0	0	0	0	0	0	0	0	0	0	0	3	0	2
"OTU_588"	0	20	0	0	0	0	0	0	0	0	0	0	0	0	0	0	0	0	0	0	0	0	0	0
"OTU_592"	0	0	0	0	0	0	0	0	0	1	0	0	0	0	0	5	0	0	0	0	3	0	0	0
"OTU_597"	0	30	0	1	0	0	0	0	0	0	0	1	3	2	0	0	0	0	0	0	0	0	0	0
"OTU_6"	3	1	2	21	3	21	1	0	1	2	1	0	9548	8125	4596	258	17909	213	398	1444	34051	867	2490	1657
"OTU_603"	0	0	0	0	0	0	0	0	0	0	0	0	0	0	0	0	0	0	0	0	2	0	0	0
"OTU_608"	0	0	0	0	0	0	0	0	0	0	0	0	0	5	2	0	7	0	5	0	3	2	4	1
"OTU_610"	0	0	0	0	0	0	0	0	0	0	0	0	0	0	0	0	0	2	0	0	0	0	0	4
"OTU_613"	0	0	0	0	20	0	0	0	0	0	0	0	0	0	0	0	0	0	0	0	0	0	0	0
"OTU_614"	0	0	0	1	0	0	0	0	0	0	0	0	0	0	0	0	0	0	0	0	0	0	0	0
"OTU_615"	0	0	0	21	0	5	0	0	0	0	0	5	0	0	0	0	0	0	0	0	0	0	0	0
"OTU_618"	0	0	0	0	1	0	0	0	0	0	0	0	0	0	0	0	0	0	0	0	0	0	0	0
"OTU_621"	0	16	1	2	4	0	0	0	1	0	0	0	0	0	0	0	0	0	0	0	0	0	0	0
"OTU_627"	0	3	0	0	0	0	0	0	0	0	0	0	0	0	0	0	0	0	0	0	0	0	0	0
"OTU_629"	0	0	0	0	0	0	0	0	0	0	0	0	0	0	0	1	0	0	0	0	0	1	0	0
"OTU_633"	0	6	0	0	0	0	1	1	0	1	0	0	0	0	0	0	0	0	0	0	0	0	0	0
"OTU_636"	0	0	0	0	0	2	0	0	0	0	0	0	0	0	0	0	0	0	0	0	0	0	0	0
"OTU_64"	1	0	0	0	0	0	0	0	0	0	0	0	0	0	0	1	0	0	0	0	1	0	0	0
"OTU_640"	0	0	0	0	0	0	0	0	1	0	0	0	0	0	0	0	0	0	0	0	0	0	0	0
"OTU_643"	0	0	0	0	0	0	0	0	0	0	0	0	2	0	0	0	0	0	0	0	0	0	0	0
"OTU_644"	0	5	0	0	2	3	3	0	1	0	0	1	3	0	0	0	0	0	0	5	0	1	0	0
"OTU_652"	0	1	2	6	3	0	0	0	0	4	0	0	0	0	0	0	0	0	0	0	0	0	0	0
"OTU_655"	0	0	0	0	2	0	0	0	0	0	0	0	0	1	0	0	0	0	0	0	0	0	0	0
"OTU_659"	0	16	0	0	0	0	2	0	0	0	0	0	0	0	0	0	0	0	0	0	0	0	0	0
"OTU_66"	0	0	0	0	0	0	0	0	0	0	0	1	0	1	0	1	0	0	0	0	0	0	0	0
"OTU_663"	0	0	0	17	0	0	1	0	0	0	0	0	0	1	0	0	0	0	0	0	0	0	0	0
"OTU_668"	0	0	0	2	0	0	0	0	0	0	0	0	0	0	0	0	0	0	0	0	0	0	0	0
"OTU_670"	0	0	0	0	0	0	0	0	1	0	0	0	0	0	0	1	0	0	0	0	0	0	0	0
"OTU_675"	0	2	1	0	0	18	0	0	0	0	0	0	0	0	0	0	0	0	0	0	0	0	0	0
"OTU_676"	0	0	3	2	0	0	1	0	1	2	0	0	0	0	0	0	6	0	0	0	1	1	0	0
"OTU_677"	0	0	0	0	0	0	0	0	0	2	0	0	0	0	0	0	0	1	0	0	0	0	0	0
"OTU_679"	0	2	0	0	0	0	0	0	0	0	0	0	0	0	0	0	0	0	0	0	0	0	0	0
"OTU_680"	0	0	0	0	0	0	0	0	12	0	0	0	0	0	0	0	0	0	0	0	0	0	0	0
"OTU_682"	0	0	0	0	0	0	0	0	4	0	0	0	0	3	0	1	0	0	0	0	3	0	2	0
"OTU_683"	0	0	0	0	0	0	4	0	0	0	0	0	0	0	0	0	2	0	0	0	0	0	0	1
"OTU_684"	1	2	3	5	4	9	1	0	0	0	0	1	0	0	0	0	0	0	0	0	0	0	0	0
"OTU_688"	0	0	4	0	14	0	0	0	0	0	0	0	0	0	0	0	0	0	0	0	0	0	0	0
"OTU_69"	0	8	0	0	0	0	0	0	1	0	0	0	0	0	0	0	2	0	0	0	0	0	0	0
"OTU_693"	0	5	0	0	0	13	0	0	0	0	0	0	0	0	0	0	0	0	0	0	0	0	0	0
"OTU_699"	0	28	3	15	6	6	3	3	3	6	2	1	0	0	0	0	0	0	0	0	1	0	0	0
"OTU_7"	0	27	5	1	1	3	3	10	11	45	15	11	1	0	37	2	0	5	0	0	0	9	0	0
"OTU_70"	0	37	0	1	0	5	8	0	0	1	0	1	40	5	14	0	8	2	0	0	10	0	581	11
"OTU_701"	0	21	0	0	0	0	0	0	0	0	0	0	0	0	0	0	0	0	0	0	0	0	0	0
"OTU_707"	0	0	0	0	0	0	0	0	0	0	0	0	0	0	0	0	0	1	0	0	0	0	0	1
"OTU_710"	0	0	0	0	0	0	0	0	0	0	0	0	0	0	1	0	0	0	0	0	0	0	0	0
"OTU_711"	0	0	0	0	0	0	0	0	1	0	0	2	0	0	0	0	0	0	0	0	0	0	18	0
"OTU_716"	0	0	0	1	14	0	0	0	0	0	0	0	0	0	0	0	0	0	0	0	1	0	0	0
"OTU_721"	0	0	1	1	0	0	0	0	0	0	0	0	0	0	0	0	1	0	0	0	0	1	0	1
"OTU_722"	0	0	2	0	3	1	0	0	1	1	0	0	0	0	0	0	0	0	0	0	2	0	1	0
"OTU_728"	0	0	0	18	0	0	0	0	0	0	0	1	0	0	0	0	0	0	0	0	0	0	0	0
"OTU_729"	0	8	0	6	0	0	0	0	0	0	0	0	0	0	0	0	0	0	0	0	0	0	0	1
"OTU_73"	0	0	0	0	0	0	0	0	11	1	0	0	4	2	3	2621	0	0	0	3	0	3	0	0
"OTU_731"	0	0	0	0	0	0	0	0	0	0	0	0	0	0	12	0	0	0	0	0	0	0	0	0
"OTU_735"	0	17	0	0	0	0	0	0	0	0	0	0	0	0	0	0	0	0	0	0	0	0	0	0
"OTU_74"	0	2	0	8	0	0	65	10	25	7	6	73	12	0	7	1	0	0	1	2	0	2	0	0
"OTU_741"	0	0	0	0	0	6	0	0	0	0	0	0	0	0	0	0	0	0	0	0	0	0	0	0
"OTU_745"	0	0	0	0	0	5	0	0	0	0	0	0	0	0	0	0	0	0	0	0	0	0	0	1
"OTU_749"	0	0	0	8	0	0	0	0	0	2	0	0	0	0	0	0	0	0	0	0	0	0	0	0
"OTU_75"	0	8	0	0	7	0	2	0	0	0	0	0	6	1	0	1	5	0	3	0	66	5	0	3
"OTU_754"	0	13	0	0	0	0	0	0	0	0	0	0	0	0	0	0	0	0	0	0	0	0	0	0
"OTU_758"	0	0	0	0	0	0	0	0	0	9	0	0	0	0	0	0	0	0	0	0	0	0	0	0
"OTU_760"	0	14	0	0	0	0	0	0	0	0	0	0	0	0	0	0	0	0	0	0	0	0	0	0
"OTU_769"	0	13	0	0	0	0	0	0	0	0	0	0	0	0	0	0	0	0	0	0	0	0	0	0
"OTU_77"	5	21	66	10	127	11	13	49	8	93	1	0	2	28	13	40	24	2	3	1	58	0	899	0
"OTU_771"	0	0	0	0	0	0	0	0	0	0	0	0	0	18	0	1	0	0	0	0	0	0	0	0
"OTU_773"	0	0	0	0	0	0	0	0	0	0	0	0	0	9	0	0	0	0	0	2	0	0	0	0
"OTU_774"	0	8	0	0	0	0	0	0	0	0	0	0	3	0	0	0	0	0	0	0	0	2	0	0
"OTU_776"	0	8	0	0	4	0	0	0	0	0	0	0	0	0	0	0	0	0	0	0	0	0	0	0
"OTU_777"	0	0	0	0	0	0	0	0	0	0	0	0	0	0	0	0	1	0	0	0	0	0	3	0
"OTU_779"	0	11	0	0	0	0	0	0	0	0	0	0	0	0	0	0	1	0	0	0	0	0	0	0
"OTU_781"	0	0	0	0	0	2	0	0	0	0	0	0	0	0	0	0	0	0	0	0	0	0	0	0
"OTU_786"	0	0	0	0	0	0	0	0	0	16	0	0	0	0	0	0	0	0	0	0	0	0	0	0
"OTU_797"	0	0	0	0	0	0	0	0	0	0	0	0	0	0	0	0	0	0	0	0	14	0	0	0
"OTU_798"	0	10	0	0	0	0	0	0	0	0	0	0	0	0	0	0	0	0	0	0	0	0	0	0
"OTU_8"	4	2	14	3	0	30	1	329	12	1	2	0	4137	21142	2276	669	30377	301	3390	557	20731	17148	1078	80019
"OTU_80"	0	477	4	98	96	9	13	7	10	5	10	4	5	81	17	653	9	3	9	1	65	120	14	12
"OTU_800"	0	0	0	0	0	0	0	0	0	0	0	0	0	0	0	2	0	0	0	0	0	0	0	0
"OTU_811"	0	3	0	0	0	2	0	0	0	0	0	0	0	0	8	0	0	0	0	1	0	0	0	0
"OTU_812"	0	0	0	0	0	0	0	0	5	0	0	2	0	0	0	0	0	0	0	0	0	0	0	0
"OTU_817"	0	0	0	0	0	0	0	0	0	0	0	0	0	0	1	0	0	3	0	0	8	0	0	0
"OTU_819"	0	0	0	0	0	1	0	0	0	0	0	0	0	0	0	0	0	0	0	0	0	0	0	1
"OTU_82"	0	0	0	3	0	56	10	6	1	0	0	0	0	0	0	1	4	2	0	0	0	1	470	13
"OTU_832"	0	0	0	0	0	0	0	0	0	0	0	0	0	0	4	0	1	0	0	1	3	0	0	2
"OTU_835"	0	5	0	2	0	0	0	0	0	0	0	0	2	0	0	0	0	0	0	0	0	0	0	2
"OTU_84"	0	45	12	0	0	0	0	9	166	7	0	0	1	76	10	5	61	22	195	31	10	145	223	4
"OTU_842"	0	9	0	2	0	0	0	0	0	0	0	0	0	0	0	0	0	0	0	0	2	2	0	0
"OTU_845"	0	0	0	0	0	0	0	1	10	0	0	0	0	0	0	0	0	0	0	0	0	0	0	0
"OTU_846"	0	0	0	0	0	0	0	0	0	0	0	0	0	10	0	0	0	0	0	0	0	0	0	0
"OTU_848"	0	0	0	0	0	0	0	0	0	0	0	0	2	3	0	0	0	0	3	0	0	1	0	2
"OTU_854"	0	0	0	0	0	1	6	0	0	0	0	0	4	0	0	0	0	0	0	0	0	0	0	0
"OTU_855"	0	0	0	1	0	0	2	0	0	0	0	0	0	0	0	0	0	0	0	0	0	0	0	0
"OTU_856"	0	0	0	3	2	0	1	1	2	0	2	0	0	0	0	0	0	0	0	0	0	0	0	0
"OTU_858"	0	0	0	0	0	9	0	0	0	0	0	0	0	0	0	0	0	0	0	0	0	0	0	0
"OTU_860"	0	0	0	16	0	0	0	0	0	0	0	0	0	0	0	0	0	0	0	0	0	0	0	0
"OTU_87"	0	0	0	0	0	0	0	0	0	0	0	0	1	1157	0	0	0	0	0	0	2	0	0	0
"OTU_874"	0	0	0	0	0	0	0	0	0	0	0	0	0	2	0	0	0	0	0	0	0	0	0	2
"OTU_875"	0	10	0	0	0	0	0	0	0	0	0	0	0	0	0	0	0	0	0	0	0	0	0	0
"OTU_88"	7	438	35	120	333	171	45	13	69	43	17	4	1	0	0	0	0	0	0	0	0	0	0	0
"OTU_882"	0	0	0	0	0	0	0	0	0	5	0	0	0	0	0	0	0	0	0	0	2	0	0	0
"OTU_883"	0	0	0	5	0	0	0	0	0	0	0	0	0	0	0	0	6	0	0	0	0	0	0	0
"OTU_886"	0	0	0	0	0	0	0	0	0	0	0	0	0	0	0	8	0	0	0	0	0	0	0	0
"OTU_888"	0	0	1	0	0	0	0	0	0	0	0	0	0	0	0	0	0	0	0	0	0	0	0	0
"OTU_891"	0	0	0	0	0	0	0	0	0	0	0	0	0	0	4	0	0	0	0	0	3	2	0	0
"OTU_894"	0	0	0	9	0	0	0	0	0	0	0	0	0	0	0	0	0	0	0	0	0	0	0	0
"OTU_9"	25	13	0	0	454	6	4	0	0	1	0	8	2	23	4	0	0	7	1	1	10	0	0	0
"OTU_90"	0	0	573	0	0	0	0	0	0	0	0	0	0	0	0	0	0	0	0	0	0	0	0	0
"OTU_901"	0	0	0	0	8	0	2	0	0	0	0	0	0	0	0	0	0	0	0	0	0	8	0	0
"OTU_903"	1	4	0	4	0	0	0	0	1	2	0	1	1	1	0	0	0	0	0	0	0	0	0	0
"OTU_905"	0	0	0	0	0	5	1	0	0	0	0	0	0	0	0	0	3	0	0	0	0	0	0	0
"OTU_920"	0	0	0	10	0	0	0	0	0	0	0	0	0	0	0	0	0	0	0	0	0	0	0	0
"OTU_928"	0	0	0	0	0	0	0	0	0	0	0	0	0	6	0	1	0	0	0	0	0	3	0	0
"OTU_939"	0	0	0	0	0	0	0	9	0	0	0	0	0	0	0	0	0	0	0	0	0	0	0	1
"OTU_948"	0	0	0	1	0	0	0	0	0	0	0	2	0	0	0	0	0	0	0	0	0	0	0	0
"OTU_95"	0	0	0	0	0	0	0	0	0	0	0	0	0	0	0	0	0	1	0	0	0	0	0	0
"OTU_950"	0	0	0	0	8	0	0	0	0	0	0	0	0	0	0	0	0	0	0	0	0	0	0	0
"OTU_954"	0	4	0	0	0	0	0	0	0	0	0	0	0	0	0	0	0	0	0	0	0	0	0	0
"OTU_957"	0	0	0	0	4	0	0	0	0	0	0	0	0	0	0	0	0	0	0	0	0	0	0	0
"OTU_958"	0	0	0	12	12	11	1	6	4	7	0	0	1	21	1	0	0	1	0	0	1	0	8	2
"OTU_969"	0	0	0	0	0	0	0	0	0	0	0	0	3	2	0	0	0	0	0	0	4	1	2	0
"OTU_97"	30	515	5	2	21	97	13	1	20	1	1	1	1	22	0	0	5	0	1	1	2	4	0	108
"OTU_98"	3	188	6	59	73	241	49	32	48	21	23	21	9	12	3	5	26	0	3	1	0	16	353	8
"OTU_980"	0	2	0	0	0	2	0	0	1	0	0	0	0	0	0	0	0	0	0	0	0	0	0	0
"OTU_989"	0	7	0	0	0	0	0	0	0	0	0	0	0	0	0	0	0	0	0	0	0	0	0	0
"OTU_99"	3	4	46	52	108	23	10	12	2	2	91	3	2	6	16	2	5	0	1	0	0	2	0	2
"OTU_991"	0	9	0	0	0	0	0	0	0	0	0	0	0	0	0	0	0	0	0	0	0	0	0	0
"OTU_997"	0	0	0	0	0	0	0	0	0	0	0	0	0	0	0	0	0	0	0	0	3	0	0	0
