OTU	X02_0101	X02_0102	X02_0103	X02_0104	X02_0205	X02_0206	X02_0207	X02_0208	X02_0309	X02_0310	X02_0311	X02_0312	X04_0101	X04_0102	X04_0103	X04_0104	X04_0205	X04_0206	X04_0207	X04_0208	X04_0309	X04_0310	X04_0311	X04_0312
OTU1	0	0	0	3	8	5903	0	2	0	0	2	10	0	26784	34292	31890	0	17610	0	0	0	13	10	2
OTU101	0	0	3198	0	0	0	0	0	0	0	0	0	0	0	0	0	0	0	0	0	0	0	0	0
OTU103	0	0	0	0	0	0	0	0	0	0	0	0	0	0	0	0	0	5891	0	0	0	0	0	0
OTU104	0	1160	0	0	0	26	0	0	0	0	1132	0	0	0	0	0	0	0	0	0	0	0	0	0
OTU105	947	109	580	0	33	104	0	144	0	559	0	0	0	0	0	0	0	0	0	0	0	0	0	0
OTU107	0	0	2704	0	0	0	0	0	0	62	0	0	0	0	0	0	0	0	0	0	0	0	0	0
OTU109	2409	301	0	0	0	0	0	0	0	0	0	0	0	0	0	0	0	0	0	0	0	0	0	0
OTU11	0	0	0	0	0	0	9	0	0	0	0	0	0	6534	0	0	28898	7	0	0	872	2	0	0
OTU113	2262	415	0	0	0	0	0	0	0	0	0	0	0	2	0	0	0	0	0	0	0	0	0	0
OTU115	0	0	0	0	0	0	0	0	0	0	8034	0	0	0	0	0	0	0	0	0	0	0	0	0
OTU116	1985	0	0	0	0	0	0	0	0	0	130	0	0	0	0	0	0	0	0	0	0	0	0	0
OTU118	0	0	0	0	0	52	0	1915	0	0	0	0	0	0	0	0	0	0	0	0	0	0	0	0
OTU12	0	0	0	0	0	0	0	0	0	0	0	0	0	0	0	0	0	0	56738	0	0	0	0	0
OTU120	1997	0	0	0	0	0	0	0	0	0	93	0	0	0	0	0	0	0	0	0	0	0	0	0
OTU124	0	0	0	0	0	0	0	0	0	0	0	0	1803	0	0	0	0	0	0	0	0	0	0	0
OTU125	2563	0	123	0	28	119	3	103	0	556	0	0	0	0	0	0	0	0	0	0	0	0	0	0
OTU127	0	0	0	0	3203	0	0	0	0	0	0	0	0	0	0	0	0	0	0	0	0	0	0	0
OTU129	0	0	0	0	0	0	0	0	0	3429	0	0	0	0	0	0	0	0	0	0	0	0	0	0
OTU13	15573	0	0	0	0	0	0	0	0	16376	0	0	0	0	0	2	0	0	0	7	0	0	0	0
OTU131	0	0	0	0	3002	0	0	0	0	0	0	0	0	0	0	0	0	0	0	0	0	0	0	0
OTU134	0	0	0	0	0	0	0	0	0	0	0	0	0	0	0	0	0	0	0	0	0	1587	0	0
OTU137	0	0	0	1475	0	0	0	0	0	0	0	0	0	0	0	0	0	0	0	0	0	0	0	0
OTU139	2661	0	0	0	0	0	0	0	0	0	0	0	0	0	0	0	0	0	0	0	0	0	0	0
OTU140	0	193	0	0	266	333	0	0	0	790	0	0	0	0	0	0	0	0	0	0	0	0	0	0
OTU141	0	0	0	0	0	0	0	0	0	2	0	2	0	0	0	0	0	0	0	1204	0	2	0	0
OTU142	0	1287	0	0	0	0	0	0	0	0	0	0	0	0	0	0	0	0	0	0	0	0	0	0
OTU144	0	0	0	0	0	0	0	0	0	1074	0	2285	0	0	0	0	0	0	0	0	0	0	0	0
OTU145	0	0	0	0	0	0	0	0	0	0	0	2244	0	0	0	0	0	0	0	0	0	0	0	0
OTU148	0	0	0	0	216	346	0	0	0	763	0	0	0	0	0	0	0	0	0	0	0	0	0	0
OTU15	4604	1817	1525	225	3950	915	4299	3898	0	6101	1034	1345	2	0	0	0	0	0	0	0	0	0	0	0
OTU151	0	0	62	399	0	0	0	0	0	607	0	0	0	0	0	0	0	0	0	0	0	0	0	0
OTU152	0	363	57	0	232	0	0	43	0	423	43	0	0	0	0	0	0	0	0	0	0	0	0	0
OTU155	0	21	0	76	0	0	0	0	0	0	0	954	0	0	0	0	0	0	0	0	0	0	0	0
OTU156	0	0	0	0	0	631	0	0	0	0	0	1240	0	0	0	0	0	0	0	0	0	0	0	0
OTU157	0	0	0	304	0	0	0	0	0	670	0	0	0	0	0	0	0	0	0	0	0	0	0	0
OTU158	0	1192	0	0	0	0	0	0	0	0	0	0	0	0	0	0	0	0	0	0	0	0	0	0
OTU159	2484	0	0	0	0	0	0	0	0	0	0	0	0	0	0	0	0	0	0	0	0	0	0	0
OTU16	0	0	0	0	0	0	0	41339	0	0	0	0	0	0	0	0	0	0	0	0	0	0	0	0
OTU161	0	0	0	51	260	809	46	0	0	3	0	0	0	0	0	2	0	0	0	0	0	0	0	0
OTU163	0	0	0	44	0	0	0	0	0	0	141	921	0	0	0	0	0	0	0	0	0	0	0	0
OTU164	0	0	0	26	201	862	51	0	0	2	0	0	0	0	0	0	0	0	0	0	0	0	0	0
OTU165	0	0	0	352	0	1371	0	0	0	0	0	0	0	0	0	0	0	0	0	0	0	0	0	0
OTU167	18	0	0	31	0	473	8	0	0	0	0	308	0	0	0	0	0	0	0	0	0	0	0	0
OTU169	17	0	0	18	0	470	9	0	0	0	0	311	0	0	0	0	0	0	0	0	0	0	0	0
OTU172	0	724	0	0	0	0	0	148	0	0	0	0	0	0	0	0	0	0	0	0	0	0	0	0
OTU177	1353	0	0	0	0	0	66	0	0	206	0	0	0	0	0	0	0	0	0	0	0	0	0	0
OTU179	649	0	0	0	0	477	0	0	0	158	78	0	0	0	0	0	0	0	0	0	0	0	0	0
OTU18	0	0	0	0	0	0	0	0	0	0	0	0	0	0	0	0	0	0	35039	0	0	0	0	0
OTU182	0	0	0	0	0	0	0	0	0	0	0	1402	0	0	0	0	0	0	0	0	0	0	0	0
OTU183	0	0	0	0	0	0	0	0	0	0	0	0	1215	0	0	0	0	0	0	0	0	0	0	0
OTU186	0	0	0	0	0	0	0	0	0	0	1268	0	0	0	0	0	0	0	0	0	0	0	0	0
OTU19	0	3421	5802	13	3701	131	2981	10383	2	3953	1578	3	0	3	0	0	0	0	0	0	2	0	0	0
OTU192	0	0	0	0	1294	0	0	0	0	0	0	0	0	0	0	0	0	0	0	0	0	0	0	0
OTU194	0	0	0	0	295	0	0	0	0	384	60	0	0	0	0	0	0	0	0	0	0	0	0	0
OTU199	0	0	2	0	0	0	0	0	0	993	0	0	0	0	0	0	0	0	0	3	9	0	0	0
OTU2	2713	19746	46991	108	2051	125	4456	3847	2510	113	741	3640	49	119	78	58	109	28	57	48812	23	26	15	4365
OTU20	0	0	0	0	0	22534	0	0	0	0	0	0	0	0	0	0	0	0	0	0	0	0	0	0
OTU201	0	0	679	0	0	0	0	0	0	0	0	0	0	0	0	0	0	0	0	0	0	0	0	0
OTU202	0	829	0	0	0	0	0	0	0	0	0	0	0	0	0	0	0	0	0	0	0	0	0	0
OTU203	0	0	0	0	0	0	901	0	0	0	0	0	0	0	0	0	0	0	0	0	0	0	0	0
OTU206	0	0	0	0	0	0	0	0	0	0	0	0	0	0	0	0	0	0	0	0	0	0	455	0
OTU207	0	0	0	763	0	0	0	0	0	0	0	0	0	0	0	0	0	0	0	0	0	0	0	0
OTU208	0	0	0	0	0	0	0	0	0	840	0	0	0	0	0	0	0	0	0	0	0	0	0	0
OTU21	0	0	0	0	0	22313	0	0	0	0	0	0	0	0	0	5	0	0	0	0	0	0	2	0
OTU212	0	0	0	697	0	0	0	0	0	0	0	0	0	0	0	0	0	0	0	0	0	0	0	0
OTU213	0	0	0	0	0	0	0	0	0	411	0	0	0	0	0	0	0	0	0	0	0	0	0	0
OTU214	0	0	0	153	0	248	46	0	0	0	0	0	0	0	0	0	0	0	0	0	0	0	0	0
OTU215	1104	0	0	0	0	0	0	0	0	0	0	0	0	0	0	0	0	0	0	0	0	0	0	0
OTU216	0	0	0	204	0	195	30	0	0	0	0	0	0	0	0	0	0	0	0	0	0	0	0	0
OTU218	0	0	0	0	0	0	0	0	0	394	0	0	0	0	0	0	0	0	0	0	12	0	0	0
OTU22	0	0	0	0	0	0	0	0	0	0	2	0	0	0	0	0	0	0	20939	0	0	0	0	0
OTU221	0	0	0	0	0	0	688	0	0	0	0	0	0	0	0	0	0	0	0	0	0	0	0	0
OTU228	0	0	0	0	0	0	0	0	0	0	0	0	0	0	0	0	313	0	0	0	0	0	0	0
OTU229	0	0	0	0	0	0	0	0	0	554	0	0	0	0	0	0	0	0	0	0	0	0	0	0
OTU23	0	0	0	0	0	0	0	0	0	0	37319	0	0	0	0	0	0	0	0	0	0	0	0	0
OTU231	0	0	4	0	0	0	0	0	0	0	0	0	0	0	0	0	274	0	0	0	0	12	0	0
OTU233	0	0	0	0	0	0	0	0	0	0	0	0	0	0	0	0	0	563	0	0	0	0	0	0
OTU236	0	0	0	0	0	0	0	0	0	0	0	0	0	0	0	0	0	0	0	163	0	109	0	0
OTU237	0	0	0	0	146	45	105	0	0	0	0	0	0	0	0	0	0	0	0	0	0	0	0	0
OTU239	0	0	0	0	125	52	105	0	0	0	0	0	0	0	0	0	0	0	0	0	0	0	0	0
OTU24	0	16043	1197	1165	0	319	0	0	0	0	100	0	0	0	0	0	0	0	0	0	0	0	0	0
OTU241	0	0	0	0	0	0	0	0	525	0	0	0	0	0	0	0	0	0	0	0	0	0	0	0
OTU243	0	0	0	0	0	0	0	0	0	0	0	0	258	10	0	0	0	0	0	0	0	0	0	0
OTU251	0	0	0	0	0	233	0	0	0	0	0	0	0	0	0	0	0	0	0	0	0	0	0	0
OTU258	0	0	0	0	0	233	0	0	0	0	0	0	0	0	0	0	0	0	0	0	0	0	0	0
OTU259	0	0	0	0	0	0	0	0	0	0	359	0	0	0	0	0	0	0	0	0	0	0	0	0
OTU26	0	0	0	0	0	7989	7637	0	2	0	0	0	0	0	0	0	4	0	0	0	0	0	5	0
OTU260	7	0	0	0	0	169	29	0	0	17	0	0	0	0	0	0	0	0	0	0	0	0	0	0
OTU263	5	0	0	0	0	155	27	0	0	16	0	0	0	0	0	0	0	0	0	0	0	0	0	0
OTU264	0	0	0	0	0	0	0	0	0	0	0	0	0	0	0	0	0	0	0	167	0	0	0	0
OTU269	0	0	0	0	0	0	0	0	0	0	147	0	0	0	0	0	0	0	0	0	0	0	0	0
OTU27	0	0	0	0	0	8054	7218	0	0	0	0	0	0	0	0	0	0	0	0	0	0	0	0	0
OTU270	0	0	0	0	0	177	78	0	0	0	0	0	0	0	0	0	0	0	0	0	0	0	0	0
OTU271	140	0	0	0	0	0	0	0	0	0	4	0	0	0	0	0	0	0	0	0	0	0	0	0
OTU273	0	0	0	0	440	0	0	0	0	0	0	0	0	0	0	0	0	0	0	0	0	0	0	0
OTU275	0	0	0	0	0	0	0	0	0	0	0	318	0	0	0	0	0	0	0	0	0	0	0	0
OTU279	0	116	0	0	0	11	0	0	0	0	0	0	0	0	0	0	0	0	0	0	0	0	0	2
OTU280	0	0	0	0	0	0	0	0	110	0	0	0	0	0	0	0	0	0	0	0	0	0	0	0
OTU281	0	0	0	0	0	0	0	0	110	0	0	0	0	0	0	0	0	0	0	0	0	0	0	0
OTU284	0	0	0	0	0	39	0	0	0	0	0	183	0	0	0	0	0	0	0	0	0	0	0	0
OTU285	173	0	0	0	0	0	0	0	0	0	0	0	0	0	0	0	0	0	0	0	0	0	0	0
OTU286	0	0	0	0	0	0	0	0	0	0	123	0	0	0	0	0	0	0	0	0	0	0	0	0
OTU287	38	13	29	0	68	0	0	0	0	0	0	5	0	0	0	0	60	0	0	0	0	0	0	0
OTU288	0	0	0	98	0	0	0	0	0	0	0	0	0	0	0	0	0	0	0	0	0	0	0	0
OTU289	0	0	0	0	0	0	0	0	0	0	0	0	0	105	0	0	0	0	0	0	0	0	0	0
OTU29	0	1028	1244	9	2826	127	2925	3479	0	2894	1386	0	0	0	3	0	0	0	2	0	0	0	0	0
OTU291	153	0	0	0	0	0	0	0	0	0	0	0	0	0	0	0	0	0	0	0	0	0	0	0
OTU292	238	0	0	0	0	0	0	0	0	0	0	0	0	0	0	0	0	0	0	0	0	0	0	0
OTU297	0	0	0	0	0	0	0	0	0	0	0	0	0	0	0	0	0	0	153	0	0	0	0	0
OTU298	0	0	0	0	0	0	0	0	0	0	111	0	2	0	0	0	0	0	0	0	0	0	0	0
OTU299	0	0	0	0	0	50	0	81	0	0	0	0	0	0	0	0	0	0	0	0	0	0	0	0
OTU3	0	0	0	0	0	5817	0	0	0	2	2	0	0	17472	32307	30676	3	17132	0	0	0	0	0	0
OTU30	4718	2170	0	0	1844	0	1844	0	0	2792	646	0	0	0	0	10424	0	0	0	0	0	0	0	0
OTU300	0	0	0	0	0	0	0	0	0	0	0	0	0	84	0	0	0	0	0	0	0	0	0	0
OTU301	0	0	0	0	0	0	0	0	0	0	0	0	76	0	0	0	0	0	0	0	0	0	0	0
OTU304	0	0	0	0	0	0	0	0	0	0	0	0	30	0	0	0	0	0	0	0	0	0	0	49
OTU31	13380	6879	2	0	2248	0	1882	0	0	5442	713	0	2	0	0	20002	3	0	0	0	0	0	4	0
OTU311	54	0	14	0	0	0	0	0	0	3	0	0	0	0	0	0	0	0	0	0	0	0	0	0
OTU312	0	0	0	0	0	0	0	0	0	0	0	0	68	0	0	0	0	0	0	0	0	0	0	0
OTU314	38	0	0	0	57	0	0	0	0	0	0	0	0	0	0	0	67	0	0	0	0	0	0	0
OTU315	0	31	35	0	0	0	0	0	0	0	0	0	0	0	0	0	0	0	0	0	0	0	0	0
OTU317	0	0	53	0	0	0	0	0	0	102	0	0	77	0	0	0	0	0	0	48	0	0	0	0
OTU318	0	0	0	0	0	0	125	0	0	0	0	0	0	0	0	0	0	0	0	0	0	0	0	0
OTU319	0	0	0	0	0	0	0	0	0	0	0	0	0	0	0	0	64	0	0	0	0	0	0	0
OTU32	0	0	0	0	0	0	6	0	0	0	0	0	0	0	0	0	11	0	0	0	0	0	0	12608
OTU320	0	30	0	0	0	12	5	0	13	0	0	0	0	0	0	9	3	0	10	0	0	0	2	0
OTU321	0	0	0	0	0	0	0	0	0	0	0	0	0	0	0	0	62	0	0	0	0	0	0	0
OTU323	0	0	0	0	0	0	0	0	0	0	0	0	0	0	119	0	0	0	0	0	0	0	0	0
OTU325	0	58	0	0	0	0	0	0	0	0	0	0	0	0	0	0	0	0	0	0	0	0	0	0
OTU33	0	5	1666	186	7814	308	1786	0	0	0	0	0	0	0	0	0	0	0	0	0	0	6	0	0
OTU331	0	0	50	0	0	5	0	0	0	0	0	0	0	0	0	0	0	0	0	0	0	0	0	0
OTU333	0	0	0	0	0	0	0	0	0	0	106	0	0	0	0	0	0	0	0	0	0	0	0	0
OTU335	0	0	0	0	0	50	0	0	0	0	0	0	0	0	0	0	0	0	0	0	0	0	0	0
OTU338	0	0	0	0	0	0	0	0	0	0	0	0	0	0	0	0	0	0	0	0	0	0	47	0
OTU340	0	0	0	0	0	0	0	0	0	0	0	0	0	0	0	0	0	0	47	0	0	0	0	0
OTU341	0	0	0	37	0	0	7	0	10	0	28	0	0	17	0	0	0	0	0	0	2	0	0	2
OTU342	0	0	0	0	0	0	0	0	0	0	0	47	0	0	0	0	0	0	0	0	0	0	0	0
OTU345	0	0	0	0	0	0	0	0	0	0	10	31	0	0	0	0	0	0	0	0	0	0	0	0
OTU346	0	0	0	0	0	5	0	0	0	0	0	35	0	0	0	0	0	0	0	0	0	0	0	0
OTU347	0	0	0	0	0	0	22	0	0	0	0	0	4	0	0	0	0	0	39	0	0	0	0	0
OTU349	0	0	0	0	0	0	0	0	0	0	0	38	0	0	0	0	0	0	0	0	0	0	0	0
OTU35	7825	0	0	182	0	56	363	0	0	0	0	0	0	0	0	0	0	0	1278	1772	0	0	0	0
OTU351	0	0	0	0	0	0	0	0	0	0	0	71	0	0	0	0	0	0	0	0	0	0	0	0
OTU355	0	0	0	0	60	0	0	0	0	0	0	0	0	0	0	0	0	0	0	0	0	0	0	0
OTU36	0	0	0	0	0	0	0	0	0	20794	0	0	0	0	0	0	0	0	0	2	0	0	0	0
OTU361	0	0	0	0	0	0	0	0	0	0	0	0	31	0	0	0	0	0	0	0	0	0	0	0
OTU363	0	0	0	0	0	0	0	0	0	0	4	27	0	0	0	0	0	0	0	0	0	0	0	0
OTU364	0	0	0	56	0	0	0	0	0	0	0	0	0	0	0	0	0	0	0	0	0	0	0	0
OTU366	0	0	0	0	0	0	0	0	0	0	0	0	0	0	0	0	0	0	0	0	0	28	0	0
OTU37	0	0	3	9678	0	11	8	0	4	0	0	5755	2	0	0	0	4	0	4576	177	0	1060	0	0
OTU372	0	0	0	0	0	50	0	0	0	0	0	0	0	0	0	0	0	0	0	0	0	0	0	0
OTU373	0	0	0	0	0	46	0	0	0	0	0	0	0	0	0	0	0	0	0	0	0	0	0	0
OTU374	0	0	0	0	0	0	23	0	0	0	0	0	0	0	0	0	0	0	47	0	0	0	0	0
OTU375	0	0	0	0	0	0	0	0	0	0	0	0	0	0	0	2	0	0	0	0	0	0	26	0
OTU379	0	14	0	0	0	11	0	0	0	0	0	0	0	0	0	0	0	0	0	0	0	0	0	0
OTU384	0	0	0	0	0	0	0	0	0	0	0	0	23	0	0	0	0	0	0	0	0	0	0	0
OTU386	0	0	0	0	0	0	0	0	0	0	41	0	0	0	0	0	0	0	0	0	0	0	0	0
OTU389	10	0	0	0	0	0	0	8	0	0	0	0	0	0	0	0	0	2	0	0	0	0	0	0
OTU39	274	7613	3	171	0	2773	119	0	0	3953	2265	0	0	0	0	3	0	0	2	0	0	0	0	0
OTU391	0	0	22	0	0	0	0	0	0	0	0	0	0	0	0	0	0	0	0	0	0	0	0	0
OTU396	0	0	0	0	0	7	0	0	0	0	0	0	0	0	0	6	0	0	0	0	0	0	3	0
OTU397	0	0	0	0	0	0	0	0	0	0	0	0	0	0	0	0	0	0	0	0	19	0	0	0
OTU4	1351	3027	7077	66	1480	14	2988	1171	1920	0	650	1379	14	25	55	0	36	12	15	46729	0	0	0	11
OTU40	7369	0	0	228	0	50	272	0	0	0	0	0	0	0	0	0	0	0	1325	0	0	0	0	0
OTU401	0	0	0	2	0	28	0	0	0	0	0	0	0	0	0	22	3	0	0	0	0	0	8	0
OTU406	31	0	0	0	0	0	0	22	0	0	0	0	0	0	0	0	0	3	0	0	0	0	0	0
OTU41	0	0	0	0	0	0	0	504	0	0	0	0	5807	130	0	0	362	60	0	2	0	1140	641	105
OTU412	0	0	2	0	0	0	0	0	0	0	0	14	0	0	0	0	0	0	0	0	0	0	0	0
OTU413	0	0	0	0	0	0	0	15	0	0	0	0	0	0	0	0	0	0	0	0	0	0	0	0
OTU415	0	0	0	27	0	0	0	0	0	0	0	0	0	0	0	0	0	0	0	0	0	0	0	0
OTU42	0	0	0	0	0	0	0	0	0	0	0	0	0	0	0	0	0	0	16131	0	0	0	0	0
OTU429	0	0	0	0	0	0	0	0	0	0	12	0	0	0	0	0	0	0	0	0	0	0	0	0
OTU43	0	0	456	128	5703	288	1815	0	0	0	0	0	0	0	0	0	0	0	0	0	0	0	0	0
OTU430	0	0	0	0	12	0	0	0	0	0	0	0	0	0	0	0	0	0	0	0	0	0	0	0
OTU431	8	4	0	0	0	0	0	8	0	0	0	0	0	0	0	0	0	2	0	0	0	0	0	0
OTU432	0	5	0	0	4	0	0	0	0	3	0	0	0	0	0	0	0	0	0	0	0	0	0	0
OTU436	0	0	0	0	0	0	0	12	0	0	0	0	0	0	0	0	0	0	0	0	0	0	0	0
OTU443	0	0	2	0	0	0	0	0	0	2	0	0	8	0	0	0	0	0	0	4	0	0	0	0
OTU444	0	0	0	0	0	0	0	0	0	0	0	33	0	0	0	0	0	0	0	0	0	0	0	0
OTU449	0	0	0	0	10	5	0	0	0	0	0	0	0	0	0	0	0	0	0	0	0	0	0	0
OTU45	0	6053	343	770	0	394	0	0	0	0	141	0	0	0	0	0	0	0	0	3	0	0	0	0
OTU450	0	0	0	10	0	0	0	0	0	0	0	0	0	0	0	0	0	0	0	0	0	0	0	0
OTU452	0	0	0	0	10	0	0	0	0	0	0	0	0	0	0	0	0	0	0	0	0	0	0	0
OTU453	18	0	0	0	0	0	0	0	0	0	0	0	0	0	0	0	0	0	0	0	0	0	0	0
OTU456	0	6	0	0	0	0	4	0	0	3	0	0	0	0	0	0	0	0	0	0	0	0	0	0
OTU459	0	0	0	0	0	0	0	0	9	0	0	0	0	0	0	0	0	0	0	0	0	0	0	0
OTU46	0	0	0	0	0	0	0	0	0	0	0	0	0	0	0	0	0	0	0	0	0	0	8157	0
OTU463	0	2	0	0	2	13	0	0	0	0	0	0	0	0	0	0	2	0	0	0	0	0	0	0
OTU466	0	0	8	0	0	0	0	0	0	0	0	0	0	0	0	0	0	0	0	0	0	0	0	0
OTU47	0	0	13	0	0	0	15634	0	2	0	0	0	0	0	0	0	0	0	0	0	0	0	0	0
OTU48	0	0	0	1043	0	0	14263	0	0	0	0	0	0	0	0	0	3	0	0	0	0	0	0	0
OTU480	3	0	0	0	0	0	0	2	0	0	0	0	0	0	0	0	0	0	0	0	0	0	0	0
OTU482	0	0	7	0	0	0	0	0	0	0	0	0	0	0	0	0	0	0	0	0	0	0	0	0
OTU494	0	0	0	0	0	0	0	0	0	0	0	6	0	0	0	0	0	0	0	0	0	0	0	0
OTU5	0	0	0	0	0	0	6	0	0	0	7	0	0	9	0	0	64983	20	0	0	45931	0	0	0
OTU512	0	0	2	0	0	0	0	0	0	3	0	0	0	0	0	0	0	0	0	0	0	0	0	0
OTU518	5	0	0	0	0	0	0	0	0	0	0	0	0	0	0	0	0	0	0	0	0	0	0	0
OTU52	0	0	0	5946	0	0	0	0	0	0	6	0	0	4356	0	0	0	0	0	0	0	607	0	0
OTU53	0	1112	1105	185	1570	0	943	0	0	439	0	0	11	7	0	824	4	0	2	0	0	0	28	2567
OTU532	0	0	0	0	2	0	0	0	0	0	0	2	0	0	0	0	0	0	0	0	0	0	0	0
OTU54	6200	0	0	0	3139	0	0	0	0	0	0	0	0	0	0	0	0	0	0	0	0	0	0	0
OTU540	4	0	0	0	3	0	0	0	0	0	0	0	0	0	0	0	0	0	0	0	0	0	0	0
OTU547	0	0	0	0	0	0	0	0	0	0	0	0	0	0	0	0	0	0	0	0	0	0	0	0
OTU55	0	0	3277	0	0	0	0	0	0	0	0	0	0	0	0	0	104	1520	4190	0	0	0	0	0
OTU553	0	0	0	0	0	0	0	0	0	0	0	4	0	0	0	0	0	0	0	0	0	0	0	0
OTU56	343	2288	0	55	0	3220	113	0	0	3834	2011	0	0	0	0	0	0	0	0	2	0	0	0	0
OTU568	0	0	3	0	0	0	0	0	0	0	0	0	0	0	0	0	0	0	0	0	0	0	0	0
OTU569	0	0	3	0	0	0	0	0	0	0	0	0	0	0	0	0	0	0	0	0	0	0	0	0
OTU57	0	0	929	0	0	0	0	0	0	0	0	0	0	0	0	0	149	1508	4053	0	0	0	0	0
OTU576	0	0	0	0	0	0	0	0	3	0	0	0	0	0	0	0	3	0	0	0	0	0	0	0
OTU58	0	1036	0	1890	3	764	114	2055	0	1381	0	557	0	0	0	0	0	0	0	0	0	0	0	0
OTU59	0	0	0	0	0	0	0	0	0	0	0	0	4226	123	45	0	497	52	73	313	0	6	0	0
OTU597	0	0	0	0	0	0	0	0	0	0	0	2	0	0	0	0	0	0	0	0	0	0	0	0
OTU6	0	0	0	0	0	0	0	0	0	0	0	0	0	0	0	0	36139	0	0	0	118	0	0	0
OTU60	742	0	1782	20	0	133	18	0	0	0	0	0	0	0	0	0	2162	0	0	0	0	155	624	136
OTU601	2	0	0	0	0	0	0	0	0	0	0	0	0	0	0	0	0	0	0	0	0	0	0	0
OTU613	0	0	0	0	0	0	0	0	0	0	0	0	0	0	0	0	0	0	0	0	0	0	0	2
OTU618	0	0	0	0	0	0	0	0	0	0	0	0	2	0	0	0	0	0	0	0	0	0	0	0
OTU624	0	0	0	0	0	2	0	0	0	0	0	0	0	0	0	0	0	0	0	0	0	0	0	0
OTU627	0	0	0	0	0	0	0	0	0	0	0	0	0	2	0	0	0	0	0	0	0	0	0	0
OTU63	5669	0	0	0	1577	0	0	0	0	0	0	0	0	0	0	0	0	0	0	0	0	0	0	0
OTU632	0	2	0	0	0	0	0	0	0	0	0	0	0	0	0	0	0	0	0	0	0	0	0	0
OTU64	0	0	0	0	0	0	0	0	0	0	0	0	0	9138	0	0	0	0	0	0	0	0	0	0
OTU640	2	0	0	0	0	0	0	0	0	0	0	0	0	0	0	0	0	0	0	0	0	0	0	0
OTU644	0	0	0	0	0	0	0	0	0	0	0	2	0	0	0	0	0	0	0	0	0	0	0	0
OTU65	0	0	0	0	0	0	0	0	0	2	0	0	9072	0	0	0	0	0	0	0	0	0	0	129
OTU656	0	0	0	2	0	0	0	0	0	0	0	0	0	0	0	0	0	0	0	0	0	0	0	0
OTU664	0	0	0	0	0	0	0	0	0	0	0	0	0	0	0	0	0	0	0	0	0	0	0	0
OTU67	11107	0	0	0	0	0	0	0	0	0	0	0	0	0	0	0	0	0	0	0	0	0	0	0
OTU69	0	0	664	0	0	0	0	8510	0	0	0	0	0	0	0	0	0	0	0	0	0	0	0	0
OTU7	4481	4646	5713	307	5335	744	4145	6581	0	6912	1050	1338	0	0	0	0	0	0	2	3	0	0	0	0
OTU70	0	3687	0	0	0	17	0	0	0	0	1135	0	0	0	0	0	0	0	0	0	0	0	0	0
OTU72	0	214	0	698	0	787	118	1183	0	1247	0	1041	0	0	0	2	0	0	0	2	0	0	0	0
OTU76	0	0	0	0	7539	0	0	0	0	0	0	3	0	0	0	0	0	0	0	0	0	0	0	0
OTU78	0	0	0	0	0	0	0	1500	0	0	0	9469	0	0	0	0	0	0	0	0	0	0	0	0
OTU8	0	0	2	0	0	0	0	0	0	0	0	0	61218	379	0	0	0	0	0	7	0	0	0	0
OTU80	0	5359	0	0	0	0	0	0	0	0	0	0	0	0	0	0	0	0	0	0	0	0	0	0
OTU83	662	0	214	18	0	164	13	0	0	0	0	0	0	0	0	0	2325	0	0	0	0	0	0	0
OTU85	0	64	3667	0	0	0	0	140	0	12	0	0	0	0	0	0	0	0	0	0	0	0	0	0
OTU87	0	0	0	0	0	0	0	0	0	0	0	0	0	0	0	0	0	6186	0	0	0	0	0	0
OTU88	0	0	0	0	0	41	0	3267	0	0	0	0	0	0	0	0	0	0	0	0	0	0	0	0
OTU89	3756	0	0	0	2255	0	0	0	0	0	0	0	0	0	0	0	0	0	0	0	0	0	0	0
OTU9	15802	0	17	0	0	0	0	2	0	18166	0	0	0	0	0	0	0	0	0	3	0	0	0	0
OTU91	2466	0	0	0	1391	0	0	0	0	0	0	1999	0	0	0	0	0	0	0	0	0	0	0	0
OTU92	3182	0	249	0	0	0	0	0	0	0	0	0	0	0	0	0	0	0	0	0	0	0	0	0
OTU93	0	417	296	123	1129	0	976	0	0	367	0	0	0	0	0	975	0	0	0	23	0	0	0	9
OTU94	2	0	0	0	11	0	0	3037	0	0	0	0	0	3	0	0	0	0	0	3	0	0	0	0
OTU95	0	0	0	0	0	0	0	0	0	0	0	0	0	0	0	0	0	0	5531	0	0	0	0	0
OTU98	2946	0	919	0	0	0	0	0	0	0	0	0	0	0	0	0	0	0	0	0	0	0	0	0