OTU	X020101	X020102	X020103	X020104	X020205	X020206	X020207	X020208	X020309	X020310	X020311	X020312	X040101	X040102	X040103	X040104	X040205	X040206	X040207	X040208	X040309	X040310	X040312
OTU_1	12878	4273	3910	2550	9261	13641	9914	10695	13074	17244	1712	8859	6432	20829	10221	1936	16489	21689	15274	13476	21990	14072	4224
OTU_10	811	4450	4379	2797	1422	1012	1296	2817	1189	563	1023	1290	2044	672	1068	738	1230	530	845	774	638	568	1070
OTU_100	7	18	140	98	28	19	10	32	5	21	39	18	187	44	18	33	9	4	21	119	25	16	24
OTU_1005	0	0	0	2	0	0	0	0	0	0	0	0	0	0	0	0	0	0	0	0	0	0	0
OTU_1010	0	4	0	0	0	8	4	0	0	1	0	0	0	0	0	0	0	1	0	0	0	0	0
OTU_1015	0	0	0	0	9	4	1	0	0	0	0	3	0	0	0	0	0	0	0	0	0	0	0
OTU_102	22	21	18	12	4	3	50	16	2	13	58	11	17	43	32	14	42	24	31	10	8	2	26
OTU_1022	0	0	0	0	0	0	0	20	0	0	0	0	0	0	0	0	0	0	0	0	0	0	0
OTU_1026	0	1	1	1	0	1	0	0	0	0	6	0	0	0	1	0	0	0	0	0	0	0	0
OTU_103	9	145	211	562	56	79	0	25	0	73	168	74	15	41	15	256	129	46	12	41	99	91	112
OTU_1033	0	0	0	0	0	0	0	0	0	0	0	2	0	0	0	0	0	0	0	0	0	0	0
OTU_1037	5	1	1	0	0	1	1	0	0	0	0	0	0	0	0	0	0	1	0	2	0	0	0
OTU_1038	0	0	0	0	0	0	0	0	0	0	0	0	2	0	0	0	0	0	0	0	0	0	0
OTU_105	21	0	26	298	0	11	20	103	0	20	129	53	0	0	23	25	5	26	2	47	3	46	56
OTU_1057	0	3	0	2	0	0	1	0	0	0	0	0	1	1	1	0	0	0	0	1	0	0	0
OTU_1061	0	0	0	0	0	0	0	0	0	0	0	0	0	0	0	0	0	0	206	0	0	0	0
OTU_1063	0	0	0	0	0	0	0	15	0	0	0	0	0	0	0	0	0	0	0	0	0	0	0
OTU_1066	0	0	0	0	0	2	2	0	0	1	0	2	0	0	1	0	7	0	0	0	0	0	0
OTU_1075	0	0	0	0	0	0	0	0	0	0	0	3	0	0	0	0	0	0	0	0	0	0	0
OTU_1076	0	0	2	2	1	0	0	0	0	7	0	0	0	0	0	4	0	0	0	1	1	0	1
OTU_1078	0	0	0	0	0	0	0	0	1	0	0	0	0	0	0	0	0	0	0	0	0	0	0
OTU_11	0	0	0	0	1	2	0	0	31	8	0	13	1	0	0	1	0	1	0	1	0	0	0
OTU_111	0	0	0	0	0	0	0	0	0	0	0	0	0	0	1	0	0	0	0	0	0	0	0
OTU_1111	0	0	0	0	0	0	9	0	0	0	0	0	0	0	0	0	0	0	0	0	0	0	0
OTU_1116	0	0	0	2	0	0	0	0	0	0	0	0	2	0	0	0	0	0	0	0	0	0	0
OTU_1119	0	0	0	0	0	0	0	0	0	0	4	0	0	3	1	0	2	0	0	0	0	0	0
OTU_112	0	12	0	3	0	0	0	0	0	1	4	3	26	27	5	29	7	9	4	0	8	6	0
OTU_1123	0	0	0	0	0	1	0	0	0	0	0	0	0	0	0	0	0	0	0	0	0	0	0
OTU_1126	0	0	24	0	0	0	0	0	0	0	0	0	0	0	0	0	0	0	0	0	0	0	0
OTU_113	0	14	17	10	0	6	18	19	13	3	29	11	7	4	74	1	0	5	4	23	0	0	0
OTU_1133	1	1	6	0	1	1	1	3	0	0	0	1	0	0	1	0	0	0	0	2	1	2	0
OTU_1136	0	0	0	0	0	0	0	0	2	0	0	0	0	0	0	0	1	0	0	0	0	0	0
OTU_1139	5	0	0	0	1	3	0	4	0	5	0	0	0	0	4	0	24	1	1	8	24	4	5
OTU_114	0	0	0	0	0	0	0	0	0	0	0	0	0	0	0	0	0	0	0	0	0	2	0
OTU_1141	0	0	0	0	0	0	0	0	0	0	0	0	0	0	0	4	0	0	0	0	0	0	0
OTU_115	50	37	19	3	63	52	44	56	35	49	26	114	36	21	8	9	39	44	8	100	23	45	33
OTU_1158	0	0	0	0	0	1	0	0	0	0	7	0	0	2	0	0	0	0	0	0	2	0	2
OTU_1164	0	0	0	0	0	0	0	0	0	0	0	0	1	0	0	0	0	0	0	0	0	0	0
OTU_1166	0	0	0	0	0	0	0	0	0	0	0	0	13	0	0	0	0	0	0	0	0	0	0
OTU_117	7	0	0	0	0	0	4	0	0	4	0	1	4	0	1	0	29	0	8	0	0	0	0
OTU_1178	0	0	0	0	0	0	0	5	0	0	0	0	2	0	0	0	0	0	0	0	0	0	1
OTU_118	78	94	49	447	52	103	40	223	29	76	14	133	53	76	31	240	71	56	39	102	59	125	118
OTU_1181	0	0	0	1	0	0	0	0	0	0	0	0	0	0	0	0	0	1	0	0	0	0	0
OTU_1183	2	0	1	0	0	0	0	6	0	0	2	0	0	0	0	0	0	0	0	3	0	0	0
OTU_1187	0	0	1	0	0	0	0	0	0	0	5	0	0	0	0	10	0	0	1	0	0	0	0
OTU_1188	0	0	0	0	0	0	0	0	0	0	0	0	0	2	0	0	0	0	0	0	0	0	0
OTU_1189	0	0	0	0	1	0	0	0	0	0	0	0	0	0	0	0	0	0	0	0	0	0	0
OTU_119	0	1	0	12	0	0	0	4	0	0	0	0	0	0	0	1922	0	0	20	3	0	0	0
OTU_1190	0	0	0	0	0	0	0	0	0	0	0	0	5	0	0	0	3	0	0	0	0	0	0
OTU_1192	0	0	0	0	0	0	0	0	1	0	0	0	0	0	0	0	0	0	0	0	0	0	0
OTU_1199	0	0	0	0	0	0	0	0	0	0	0	6	0	0	0	0	0	0	0	0	0	0	0
OTU_12	9	11	0	17	18	16	14	63	1	20	0	11	2	0	8	4	27	13	12	17	2	4	71
OTU_120	5	4	5	97	3	5	9	34	5	2	16	7	5	2	3	0	16	5	2	1	10	0	7
OTU_1202	0	0	0	5	0	1	0	0	0	1	0	0	0	0	0	1	2	1	0	0	0	2	0
OTU_1204	0	3	0	0	0	0	0	0	0	8	0	1	0	0	0	0	0	0	0	0	0	0	0
OTU_121	0	0	0	0	0	0	0	4	0	0	0	0	0	0	0	0	0	0	0	0	0	0	0
OTU_1211	1	0	0	0	0	2	1	0	1	1	0	0	0	0	1	0	1	0	0	0	0	0	0
OTU_1213	0	0	0	0	1	0	0	4	0	1	0	1	0	0	2	0	1	0	2	2	0	0	1
OTU_1214	0	0	0	0	0	0	2	1	0	1	1	4	0	0	0	0	0	0	0	1	0	0	0
OTU_1227	1	4	2	0	1	3	1	5	0	2	19	7	3	8	2	1	1	2	2	7	2	7	12
OTU_1229	0	0	0	0	0	0	0	0	1	0	0	0	0	0	0	0	0	0	0	0	0	0	0
OTU_1234	0	0	0	0	0	0	0	0	0	0	0	0	0	2	0	0	0	0	0	0	0	0	0
OTU_1236	2	1	0	0	0	1	0	0	0	0	1	0	0	0	5	0	0	0	0	4	0	1	0
OTU_1239	0	0	5	0	0	0	0	1	0	0	0	0	0	0	0	0	0	0	0	0	0	0	0
OTU_1251	0	0	0	0	0	0	0	0	0	0	0	0	0	0	0	0	0	1	0	2	0	0	0
OTU_1253	0	2	0	0	0	0	0	1	0	0	0	0	1	0	0	0	2	0	0	0	0	0	0
OTU_1254	0	0	0	0	0	5	0	0	0	2	1	1	0	0	3	0	0	0	0	1	0	0	0
OTU_1255	0	3	0	0	0	3	1	0	0	0	1	0	1	0	1	0	0	1	0	0	0	0	0
OTU_1257	0	0	0	0	1	0	0	0	0	0	12	0	0	0	0	0	0	0	0	0	0	0	0
OTU_1268	0	0	0	0	0	0	0	0	0	0	0	0	1	0	0	9	0	0	0	0	0	0	0
OTU_127	0	0	0	0	0	0	0	0	4	0	0	0	0	0	0	0	0	0	0	0	0	0	0
OTU_1271	0	0	0	1	0	0	6	1	0	0	0	0	0	0	0	0	1	1	0	2	2	2	0
OTU_1281	0	0	0	0	0	0	0	2	0	0	0	2	0	2	0	0	0	0	0	2	1	0	1
OTU_129	0	0	0	0	0	0	0	0	0	0	0	0	0	0	0	1	0	0	0	0	0	0	0
OTU_1291	0	0	0	0	0	0	0	0	0	0	0	2	0	0	7	0	1	0	0	0	0	0	0
OTU_1300	0	0	17	0	0	0	0	0	0	0	0	0	0	0	0	0	0	0	0	0	0	0	0
OTU_1303	0	0	0	0	0	0	0	0	0	0	0	0	4	0	0	0	1	0	0	0	0	0	0
OTU_1306	0	0	0	0	2	0	0	0	0	0	0	0	0	0	0	0	0	0	0	0	0	0	0
OTU_1307	3	0	5	0	1	0	2	5	0	0	0	0	0	0	0	0	0	0	0	1	0	0	0
OTU_132	0	0	0	0	0	0	0	0	0	0	0	0	0	0	0	0	1	0	0	0	0	0	0
OTU_1326	0	0	3	0	0	3	0	0	0	0	0	3	0	1	0	0	0	0	0	0	0	0	0
OTU_1335	0	3	0	14	0	0	0	0	0	0	1	0	0	2	0	0	0	0	0	0	0	0	0
OTU_134	3	5	0	0	1	3	0	0	0	1	3	0	0	1	1	0	1	2	0	0	0	1	0
OTU_135	253	17	17	0	228	41	90	16	0	13	171	17	24	0	100	15	112	43	98	25	19	48	33
OTU_1352	0	1	0	0	0	1	0	0	0	0	8	0	0	0	3	0	0	0	0	0	0	0	0
OTU_1354	0	0	0	0	3	0	0	0	0	0	0	1	0	0	0	0	0	0	0	0	0	0	0
OTU_1355	0	9	0	0	0	0	0	0	0	0	0	0	0	0	0	0	0	0	0	0	0	0	0
OTU_136	14	20	5	0	2	43	1295	19	0	5	4	20	0	0	0	0	0	0	0	21	0	0	0
OTU_1362	4	0	0	0	0	1	3	2	0	0	0	14	0	0	1	0	0	0	1	1	0	0	0
OTU_1367	0	1	0	3	0	0	0	0	0	0	0	0	0	0	0	5	0	0	0	0	0	0	1
OTU_139	1	1	4	10	2	0	1	1	0	1	10	4	11	0	0	4	1	2	0	2	2	3	1
OTU_1399	0	0	0	0	0	0	0	0	0	0	7	0	0	0	0	0	0	0	0	0	0	0	0
OTU_14	0	0	0	1	0	1	0	0	0	1	1	0	0	0	0	0	0	1	0	0	0	0	0
OTU_140	0	0	899	0	0	0	0	0	0	0	0	0	0	0	0	0	0	0	0	0	0	0	0
OTU_1402	0	0	0	0	0	0	0	0	3	0	0	0	0	0	0	0	0	0	0	0	0	0	0
OTU_1410	0	0	6	0	0	1	1	0	0	0	0	0	0	0	0	0	0	0	0	0	0	0	0
OTU_1411	0	0	0	7	0	0	0	1	0	0	0	4	0	0	0	4	0	0	0	1	0	0	0
OTU_1415	0	0	0	0	0	0	0	0	0	0	0	0	0	0	0	0	0	0	0	3	0	0	0
OTU_1419	9	0	0	0	0	0	0	0	0	0	0	0	0	0	1	0	0	0	0	0	0	0	0
OTU_142	0	0	1	0	0	4	0	0	0	1	0	0	0	0	0	1	0	0	0	2	0	0	1
OTU_1424	1	0	0	0	0	0	0	0	0	0	5	1	0	0	0	0	1	1	0	0	1	0	0
OTU_143	0	20	24	1316	0	40	11	3	3	1	0	4	0	0	0	0	4	6	0	8	0	1	0
OTU_1439	0	0	0	0	0	0	0	0	0	0	0	0	0	0	0	0	0	0	5	0	0	0	0
OTU_1442	0	0	0	0	0	1	1	3	0	0	2	0	0	0	0	0	1	0	0	1	0	0	0
OTU_1445	0	0	0	0	0	0	5	0	0	0	0	0	0	0	0	0	0	0	0	0	0	0	0
OTU_145	0	0	0	0	0	0	0	0	0	0	0	0	4	0	2	0	0	0	0	0	0	0	0
OTU_1453	0	0	0	0	0	0	2	0	0	0	3	0	0	0	0	0	0	0	0	0	0	0	0
OTU_1465	0	0	8	0	0	0	0	2	0	0	0	0	0	0	1	0	0	0	0	0	0	0	0
OTU_1470	0	0	0	0	0	2	0	0	0	0	1	0	0	0	0	0	0	0	0	0	0	0	0
OTU_1476	0	0	0	0	0	0	1	0	0	0	0	0	0	0	0	0	0	0	0	0	0	0	0
OTU_1478	0	1	4	1	0	1	0	0	0	0	0	0	0	0	0	2	0	0	0	0	1	1	0
OTU_148	12	10	15	14	10	8	0	38	5	6	43	22	11	14	31	5	22	5	7	14	21	12	20
OTU_15	13847	1679	1495	1530	3008	3191	5396	4953	411	7771	1979	2839	1659	1393	4381	591	7305	3138	5259	3621	2423	2193	1813
OTU_150	0	3	0	0	3	2	0	0	9	0	0	0	6	5	0	4	1	3	0	0	0	1	0
OTU_1515	0	0	0	0	0	0	5	0	0	0	0	0	0	0	0	0	0	0	0	0	0	0	0
OTU_1516	0	0	0	0	0	0	0	0	0	0	0	0	0	0	0	6	0	0	0	0	0	0	0
OTU_1517	0	0	0	2	0	0	0	0	0	0	0	0	0	0	0	0	0	0	0	0	0	1	0
OTU_1518	0	0	0	0	0	0	0	5	0	0	0	2	0	0	0	0	0	0	0	0	0	0	0
OTU_1519	1	0	0	0	0	0	1	0	0	0	0	0	0	0	0	0	0	0	1	0	0	0	0
OTU_1529	0	1	0	0	0	0	0	0	0	0	0	0	0	0	0	0	0	0	0	0	0	0	0
OTU_153	0	3	0	0	0	0	0	0	25	0	0	0	0	0	0	5	0	0	0	0	0	0	0
OTU_1541	0	0	0	0	0	0	0	0	0	0	0	0	11	0	0	0	0	0	0	0	1	0	0
OTU_1549	0	0	0	0	0	0	0	0	0	0	9	0	0	0	0	0	0	1	0	0	0	1	0
OTU_155	12	288	128	176	21	22	6	0	4	7	147	2	31	12	20	5	14	20	14	0	7	16	23
OTU_1554	0	1	0	0	0	0	0	0	0	0	0	0	0	0	0	0	0	0	0	0	0	0	0
OTU_156	0	0	0	0	0	0	0	0	0	0	0	0	0	0	297	0	0	0	0	0	0	0	0
OTU_1563	0	0	0	2	0	1	0	0	0	0	2	0	1	1	0	0	1	0	0	0	2	0	0
OTU_1572	0	0	0	0	0	0	0	0	0	0	0	0	10	0	0	0	0	0	0	0	0	0	0
OTU_158	0	0	0	0	0	0	0	0	0	2	0	0	0	0	0	0	0	0	0	0	0	0	0
OTU_1585	0	0	0	0	0	0	0	0	0	0	0	6	0	0	0	0	0	0	0	3	0	0	2
OTU_159	0	0	0	0	0	0	0	0	4	0	0	0	0	1	0	0	0	0	0	0	0	0	0
OTU_1590	0	0	0	0	0	0	0	0	0	0	1	0	1	0	0	0	0	0	0	0	0	0	0
OTU_1591	0	1	0	0	0	0	0	0	0	0	0	0	0	0	0	0	0	0	0	0	0	0	0
OTU_16	3762	1553	927	1127	4161	3152	2884	3397	1991	2660	2532	3432	2605	1778	3543	1384	5909	2683	1725	5212	2426	2658	3562
OTU_1603	0	1	0	0	0	1	0	0	0	0	7	0	0	1	0	8	0	0	0	0	1	0	0
OTU_1604	1	1	0	0	1	1	1	0	0	0	0	0	0	0	0	2	0	0	0	0	0	0	0
OTU_1609	0	0	0	0	0	0	0	0	0	0	0	0	0	0	0	0	0	0	0	0	0	1	0
OTU_161	0	0	0	9	9	0	0	0	8	1	0	0	21	4	0	9	45	0	0	0	0	14	22
OTU_1611	0	0	0	2	0	0	0	4	0	0	0	0	0	0	0	0	0	0	0	0	1	0	0
OTU_1612	3	0	0	0	0	0	0	0	0	0	0	1	0	0	0	0	0	0	0	2	0	0	0
OTU_1619	0	0	0	0	0	1	0	0	0	0	0	0	0	0	0	3	3	0	0	0	1	3	0
OTU_162	0	0	0	0	1	0	0	0	0	0	0	0	0	0	0	0	0	0	0	0	0	0	0
OTU_163	76	3	0	0	2	481	33	11	0	167	10	12	33	0	3	0	10	37	17	1	109	3	0
OTU_1630	0	0	0	0	0	0	0	0	0	0	0	2	0	0	0	1	0	0	0	0	0	0	0
OTU_1635	0	0	0	0	8	0	0	0	0	0	0	0	0	0	0	0	0	0	0	0	0	0	0
OTU_1636	0	0	0	0	0	0	0	0	0	0	2	0	0	0	0	10	0	0	0	0	0	0	0
OTU_1639	0	0	0	0	0	0	0	0	0	0	0	0	0	0	0	0	0	0	0	19	1	0	0
OTU_1640	0	2	0	0	0	0	0	0	0	0	0	0	0	1	0	0	0	0	0	0	0	0	0
OTU_1649	0	0	0	0	0	0	0	0	0	0	0	0	5	0	0	0	0	0	0	0	2	0	0
OTU_165	0	0	0	0	0	0	0	0	0	1	0	0	0	0	0	1	0	0	0	0	0	0	0
OTU_1656	0	0	0	0	0	0	0	0	0	0	0	0	0	0	0	16	0	0	0	0	0	0	0
OTU_1657	0	1	2	0	0	0	0	0	0	0	0	0	0	0	0	0	3	0	0	0	0	0	0
OTU_166	0	1	0	11	2	9	0	71	0	1	0	9	20	0	0	17	1	10	0	15	0	0	2
OTU_1660	0	0	0	7	0	0	0	0	0	0	0	0	0	0	0	0	0	0	0	0	0	0	1
OTU_1668	0	0	0	0	0	0	6	0	0	0	0	0	0	0	0	0	0	0	0	0	0	0	0
OTU_1669	0	0	0	0	0	0	0	0	0	0	1	0	0	0	0	0	0	0	0	0	0	0	0
OTU_167	8	29	36	286	22	47	8	40	5	15	0	9	49	61	9	115	15	45	14	23	8	9	3
OTU_1672	0	0	0	0	0	0	0	0	0	0	0	4	0	0	0	0	0	0	0	3	0	0	0
OTU_1674	0	1	5	0	0	0	0	0	0	0	0	0	0	0	0	0	0	0	0	0	0	0	0
OTU_1676	0	0	0	0	0	0	0	0	7	0	0	0	0	0	0	0	0	0	0	0	0	0	0
OTU_1679	0	0	0	0	0	0	0	0	0	0	0	0	0	0	0	0	0	0	0	4	2	0	0
OTU_168	0	0	0	0	0	0	0	0	0	0	0	0	0	0	4	0	0	0	0	0	0	1	0
OTU_1685	0	2	0	0	0	3	49	1	0	0	2	0	10	0	1	5	3	11	1	7	1	0	0
OTU_169	7	14	39	104	4	85	20	95	7	87	215	99	3	9	37	134	13	23	25	148	8	164	81
OTU_1693	0	0	0	0	0	0	0	0	2	0	0	0	0	0	0	0	0	0	0	0	0	0	0
OTU_17	1	0	0	0	0	0	2	0	2	0	2	0	0	1	1	1	3	0	2	0	0	0	0
OTU_170	2	0	0	0	1	2	6	28	0	3	0	4	5	0	0	0	0	0	0	2	0	0	0
OTU_1702	1	0	0	0	1	0	0	0	0	0	4	0	0	0	2	0	0	0	0	0	0	0	0
OTU_1708	0	0	0	0	1	0	0	0	0	0	0	0	0	0	0	1	5	0	0	0	0	1	0
OTU_171	2	4	492	306	0	52	2	0	0	15	0	34	0	0	1	54	1	12	11	7	4	25	33
OTU_1711	0	0	0	1	0	0	0	0	0	0	0	1	7	0	0	0	0	0	0	1	0	0	0
OTU_1712	0	0	0	3	0	0	0	0	0	0	0	0	0	0	0	3	0	0	0	0	0	0	0
OTU_173	0	0	0	0	0	0	0	0	3	0	0	0	0	0	0	0	0	0	3	0	0	0	0
OTU_1736	0	0	0	0	0	1	0	0	0	2	0	1	0	0	0	0	0	0	0	0	0	0	0
OTU_174	0	0	0	0	0	0	0	0	5	0	0	0	0	0	0	0	0	0	0	0	0	0	0
OTU_1741	0	0	1	1	0	0	0	0	0	0	0	0	0	0	0	3	0	0	0	0	0	0	0
OTU_1744	0	0	0	0	0	0	0	0	0	0	0	0	0	1	0	0	0	0	0	0	0	0	0
OTU_1748	0	0	0	0	0	0	0	0	0	2	0	0	0	0	0	0	0	0	3	0	0	0	0
OTU_175	1	0	7	0	0	0	0	26	1	9	0	15	69	0	11	0	23	0	3	17	1	0	32
OTU_1760	0	1	0	0	0	0	0	1	0	0	0	0	0	0	0	0	0	0	0	1	0	0	0
OTU_177	152	27	50	85	32	26	27	42	0	18	83	14	80	74	9	106	33	7	11	39	66	66	23
OTU_1775	0	0	0	0	0	0	0	0	0	0	0	6	0	0	0	0	0	0	0	0	0	0	0
OTU_178	26	28	60	27	45	62	97	58	26	37	12	38	52	115	46	31	37	48	92	42	72	62	19
OTU_1785	0	0	0	0	0	0	0	0	0	0	0	0	0	0	0	0	0	0	0	0	0	1	0
OTU_1786	0	0	0	0	0	0	0	0	0	0	0	0	0	2	0	0	0	0	0	3	0	1	0
OTU_1788	0	0	0	0	0	0	0	0	0	0	0	0	3	0	0	0	0	0	0	0	0	0	0
OTU_1789	0	0	2	2	0	0	0	0	0	0	1	0	0	0	0	4	0	0	0	0	0	0	0
OTU_1791	0	6	0	0	0	0	0	0	0	0	0	0	0	0	0	0	0	0	0	0	0	0	0
OTU_1795	0	0	0	0	0	0	0	0	1	0	0	0	0	0	0	0	0	0	0	0	0	0	0
OTU_18	474	1185	1564	824	400	622	171	447	225	152	13178	245	1002	904	314	1835	637	636	103	498	498	339	452
OTU_1809	0	0	0	0	0	0	0	0	0	2	2	4	0	0	0	0	0	0	0	0	0	0	0
OTU_1812	0	0	0	5	0	0	0	0	0	0	0	0	0	0	0	1	0	0	0	0	0	0	0
OTU_182	4	13	0	28	2	9	0	19	4	2	4	1	14	3	1	1	4	2	2	5	2	5	12
OTU_1821	2	0	0	2	0	0	0	0	0	0	0	0	0	0	0	0	0	0	0	0	0	0	0
OTU_183	0	0	1	0	0	0	0	0	0	0	0	0	0	0	0	0	0	0	0	0	0	0	0
OTU_1832	0	0	1	0	0	0	0	0	0	0	5	0	2	0	0	0	0	0	0	0	0	0	0
OTU_1839	0	0	0	0	0	0	0	0	0	0	0	14	0	0	0	0	0	0	0	0	0	0	0
OTU_1840	0	0	0	0	0	0	0	0	0	0	0	0	0	0	0	6	0	0	0	0	0	0	0
OTU_1845	0	0	0	0	11	0	0	0	0	0	0	0	0	0	0	0	0	0	0	0	0	0	0
OTU_1846	0	0	0	0	0	0	0	0	1	0	0	0	0	0	0	0	0	0	0	0	0	0	0
OTU_1864	0	0	0	0	0	0	0	0	0	0	0	0	3	0	0	0	0	0	0	0	0	0	0
OTU_1865	0	0	0	0	0	2	4	0	1	1	0	0	0	0	6	0	0	8	0	0	0	10	0
OTU_188	5	21	0	0	12	9	0	8	5	7	0	19	0	15	4	41	52	8	7	18	7	0	9
OTU_189	0	54	0	0	0	0	0	0	0	0	0	0	0	0	0	0	0	0	0	15	0	0	0
OTU_1896	0	0	0	0	0	0	0	0	0	0	0	0	1	0	0	0	0	0	0	0	0	0	0
OTU_19	1	53	30	64	46	38	2	54	244	29	38	51	119	50	12	89	114	105	11	63	13	53	40
OTU_190	0	13	23	347	0	4	2	0	0	3	0	0	2	0	0	18	0	1	0	0	0	0	0
OTU_1907	0	0	0	0	0	0	0	0	0	0	2	1	0	0	0	0	0	0	0	1	0	0	0
OTU_1908	0	0	0	0	0	0	0	0	0	0	0	0	3	0	0	2	0	0	0	0	0	0	0
OTU_1909	0	0	2	0	0	0	0	0	0	0	2	0	0	0	0	0	0	0	1	0	0	0	0
OTU_191	0	0	0	0	0	0	0	0	12	2	0	0	0	0	0	1	0	0	0	0	0	0	0
OTU_1912	0	0	0	1	0	0	0	0	0	0	0	0	0	0	0	0	0	0	0	0	0	0	0
OTU_1929	0	0	0	7	0	0	0	0	0	0	0	0	0	0	0	0	0	0	0	0	0	0	0
OTU_193	1	14	98	0	3	18	0	5	0	3	0	2	45	13	0	0	13	1	1	3	0	26	8
OTU_194	0	0	0	0	0	0	0	0	7	0	0	0	0	0	0	0	0	0	0	0	0	0	0
OTU_1942	0	0	0	0	2	0	3	0	0	0	0	0	0	0	0	0	0	0	0	0	0	0	0
OTU_196	0	0	0	8	0	0	0	0	0	0	0	0	0	0	0	697	0	0	0	0	0	0	0
OTU_198	0	0	0	0	0	0	12	0	0	0	0	668	0	8	0	0	0	0	0	0	0	0	0
OTU_1980	5	13	0	0	0	2	1	0	0	0	0	1	0	0	0	0	0	2	0	1	0	0	1
OTU_1986	0	0	0	0	1	0	0	0	0	3	0	0	0	0	0	0	0	0	0	0	0	0	0
OTU_1987	0	0	0	0	0	0	0	0	0	0	0	0	0	0	0	0	0	0	0	0	0	1	0
OTU_1998	0	1	0	2	0	0	0	0	0	0	0	0	1	0	0	0	0	0	0	0	0	0	0
OTU_2	2362	194	16	29	135	234	1210	77	97	73	152	101	18	26	41	25	683	35	28	255	55	29	9
OTU_2010	4	0	0	0	0	0	0	0	0	3	0	0	0	0	0	0	0	0	0	0	0	0	0
OTU_2024	0	0	0	0	0	0	0	0	0	0	0	0	0	0	0	0	0	0	0	0	0	0	4
OTU_203	0	0	0	0	0	6	0	5	18	4	0	1	0	4	0	0	2	5	0	4	0	0	0
OTU_2034	0	4	0	0	0	0	0	0	0	2	0	0	0	0	0	0	0	0	0	0	0	0	0
OTU_2039	0	0	0	2	0	0	0	0	0	0	1	0	0	0	0	0	0	0	0	0	4	0	0
OTU_205	10	22	5	41	7	21	3	21	0	5	5	5	8	3	32	3	31	8	10	5	7	4	5
OTU_2057	0	0	0	0	0	0	0	0	0	0	0	1	0	0	0	0	0	0	0	2	0	0	0
OTU_2063	0	0	0	0	0	0	0	2	0	0	0	0	0	0	0	0	0	0	0	0	0	0	0
OTU_2068	0	0	9	0	0	0	1	0	0	0	0	0	0	0	0	0	0	0	0	0	0	0	0
OTU_2073	0	2	0	0	2	0	0	0	0	1	0	0	0	3	0	0	0	0	0	0	1	0	0
OTU_2074	0	0	0	10	0	0	0	0	0	1	0	0	0	0	0	0	0	0	0	0	0	0	0
OTU_2075	0	0	0	0	0	0	0	0	0	0	0	0	1	0	0	0	0	0	0	0	0	0	3
OTU_208	4	24	80	19	29	14	8	46	0	6	47	20	65	54	26	27	25	20	19	15	7	30	44
OTU_2093	0	0	0	0	0	0	0	0	1	0	0	0	0	0	0	0	0	0	0	0	0	0	0
OTU_2094	0	0	0	0	0	0	0	0	0	0	0	0	0	0	0	0	0	0	0	4	0	0	0
OTU_21	2	0	0	0	63	1	3	0	1991	3	9	2	46	43	5	0	30	34	1	0	1	0	0
OTU_2102	0	0	0	0	0	0	0	0	0	0	0	0	0	0	1	0	2	0	0	0	0	0	0
OTU_2103	0	0	0	0	0	5	0	0	0	0	0	0	0	0	0	0	0	0	0	0	0	0	1
OTU_2105	0	0	0	3	0	0	0	0	0	0	0	0	0	0	0	1	0	0	0	0	0	0	0
OTU_2116	0	0	0	4	0	0	0	0	0	0	0	0	0	0	0	0	0	0	0	0	0	0	0
OTU_212	3	24	16	28	7	16	6	40	0	18	1	58	17	28	24	6	42	102	9	21	38	25	76
OTU_2124	0	0	0	0	0	0	0	2	0	0	0	0	0	0	0	0	0	0	2	0	0	0	2
OTU_213	1	0	68	0	1	1	10	745	0	7	0	0	0	0	16	32	1	17	40	0	74	17	0
OTU_2136	0	0	0	0	0	0	0	0	0	0	0	7	0	0	0	0	2	0	0	0	0	0	0
OTU_2142	0	0	0	0	0	0	0	1	0	0	1	1	0	0	1	0	0	1	0	0	0	0	0
OTU_2149	0	0	0	0	0	0	0	0	0	0	0	0	0	0	0	0	0	0	0	0	0	0	2
OTU_215	5	0	0	0	2	0	11	0	6	0	13	0	0	0	2	0	0	3	3	0	0	1	0
OTU_2153	0	0	6	0	0	0	0	0	0	0	0	0	0	0	0	0	0	0	0	0	0	0	0
OTU_2157	0	0	0	0	0	0	0	5	0	0	0	0	0	0	0	0	0	0	0	0	0	0	0
OTU_2172	0	0	0	0	0	0	0	0	0	0	0	0	0	0	0	0	0	0	5	0	0	0	0
OTU_2184	0	0	0	0	0	0	0	0	0	0	0	0	0	0	0	0	0	0	6	0	0	0	0
OTU_219	1	4	0	2	8	4	6	1	10	1	19	5	27	1	3	0	5	5	6	5	4	4	1
OTU_2197	0	0	0	0	0	0	2	0	0	0	0	0	0	0	0	0	0	0	0	1	0	0	0
OTU_22	188	471	202	518	146	262	145	454	285	99	1056	362	268	364	311	549	142	148	69	157	125	149	251
OTU_220	0	0	0	0	0	0	0	0	9	0	0	0	0	0	0	0	0	0	0	0	0	0	0
OTU_2202	0	0	0	0	0	0	0	0	0	0	0	0	0	0	1	0	0	0	0	0	0	0	0
OTU_2204	4	0	0	0	0	0	0	0	2	0	0	0	0	0	0	0	0	0	0	0	0	0	0
OTU_2208	0	0	0	0	0	0	0	0	0	0	0	0	0	0	0	0	0	0	0	0	0	1	0
OTU_2210	0	0	0	0	0	0	0	0	0	0	0	0	2	0	0	0	0	0	0	0	0	0	0
OTU_222	0	0	0	0	5	8	0	9	0	30	0	3	6	0	0	0	25	0	0	0	0	0	0
OTU_2227	0	0	0	0	0	0	0	1	0	0	0	1	0	0	0	0	0	0	0	0	0	0	0
OTU_2234	0	0	0	0	0	0	1	0	0	0	0	0	1	0	0	0	0	0	0	0	0	0	0
OTU_2238	0	0	0	0	0	0	0	0	0	0	0	0	2	0	0	0	0	0	0	0	0	0	0
OTU_224	7	41	93	33	17	13	22	48	3	7	17	12	30	9	14	14	6	0	10	15	6	9	16
OTU_2253	0	0	0	3	0	0	0	0	0	0	0	0	0	0	0	0	0	0	0	0	0	0	0
OTU_2259	0	1	0	0	0	2	0	0	0	0	0	0	0	0	0	0	0	0	0	0	0	0	2
OTU_2274	1	0	0	0	1	0	1	0	0	0	0	0	0	0	0	0	0	0	0	0	0	0	0
OTU_2276	0	0	0	0	0	0	0	0	0	0	0	5	0	0	0	0	0	0	0	0	0	0	0
OTU_2279	0	0	0	0	0	0	0	0	0	0	0	0	0	0	0	0	0	0	0	0	1	0	0
OTU_2284	0	0	0	0	0	0	0	0	0	0	0	2	0	0	0	0	0	0	0	1	0	0	0
OTU_229	11	54	34	36	4	5	13	20	0	8	45	17	94	47	2	29	19	4	5	9	5	24	15
OTU_23	0	0	0	11	0	0	0	6	0	0	0	0	0	0	0	1	0	0	0	0	0	0	2
OTU_2303	0	0	0	0	1	0	0	0	0	0	0	0	0	0	0	0	0	0	0	0	2	0	0
OTU_2312	0	0	0	0	0	0	0	0	0	0	0	0	0	0	0	0	0	0	0	0	0	3	0
OTU_2320	0	0	0	0	0	0	0	0	0	0	0	0	2	0	0	0	0	0	0	0	0	0	2
OTU_233	15	16	10	0	7	12	20	68	0	43	174	38	0	14	56	0	9	12	25	32	32	78	27
OTU_2331	0	0	0	0	0	0	0	0	5	0	0	0	0	0	0	0	0	0	0	0	0	0	0
OTU_2336	0	0	0	1	0	0	2	1	0	0	0	0	0	1	0	0	0	0	0	0	0	0	0
OTU_2337	0	0	0	0	0	0	0	0	0	0	0	0	3	0	0	0	0	0	0	0	0	0	0
OTU_2339	0	1	1	0	1	0	0	0	0	0	0	0	0	0	0	0	0	0	0	0	0	0	0
OTU_2351	0	0	0	0	0	0	0	1	0	0	0	0	0	0	0	0	0	0	0	0	2	0	0
OTU_2353	0	0	0	0	0	0	0	0	0	0	0	1	0	0	0	0	0	2	0	0	0	0	0
OTU_237	0	0	0	0	0	0	0	0	2	0	0	0	0	0	0	0	0	0	0	0	0	0	0
OTU_2372	0	0	1	0	0	0	0	0	1	0	0	0	0	0	0	0	0	0	0	0	0	0	0
OTU_2377	0	0	0	3	0	0	0	0	0	0	0	0	0	0	0	0	0	0	0	0	0	0	0
OTU_2379	0	1	6	0	0	0	0	0	0	0	0	0	0	0	0	0	0	0	0	0	0	0	0
OTU_238	0	1	10	3	3	9	3	20	8	0	11	3	15	1	1	6	2	15	5	12	7	1	2
OTU_2386	0	0	0	0	0	0	0	0	0	0	0	0	0	1	0	0	0	0	0	0	0	0	0
OTU_239	0	2	89	0	0	0	1	0	118	0	0	1	0	13	6	0	2	2	5	0	0	8	0
OTU_2397	0	1	0	0	0	1	2	1	0	0	0	0	0	0	0	1	0	0	0	0	2	0	2
OTU_24	2	0	0	0	0	1	0	0	0	0	0	0	0	0	0	0	0	0	0	0	0	0	0
OTU_2407	0	0	0	0	0	0	0	0	0	0	0	0	0	0	0	0	1	3	0	1	0	0	0
OTU_2416	0	0	2	0	0	0	0	0	0	0	0	0	0	0	0	0	0	0	0	0	0	0	0
OTU_2417	0	0	0	0	0	0	0	0	0	1	0	0	0	0	0	0	0	0	0	0	0	0	0
OTU_2418	0	0	0	0	0	0	0	0	0	0	0	0	0	0	1	0	0	0	0	0	0	0	0
OTU_2419	1	0	0	0	0	0	0	0	0	0	0	0	2	0	0	0	0	0	0	0	0	0	0
OTU_2420	0	0	0	0	0	0	0	0	0	0	0	0	0	0	0	0	0	1	0	0	0	0	0
OTU_2431	0	0	0	0	0	0	2	1	0	0	0	0	0	0	0	0	0	0	0	0	1	0	0
OTU_2440	0	0	0	0	0	0	0	1	0	0	0	0	0	0	1	0	0	0	2	0	0	0	0
OTU_2441	0	1	0	0	0	0	0	0	0	0	0	0	0	0	0	0	0	0	0	0	0	1	0
OTU_2444	0	0	3	0	0	0	0	0	0	0	0	0	0	0	0	0	0	0	0	0	0	0	0
OTU_2456	0	0	8	0	0	0	0	0	0	0	0	0	0	0	0	0	0	0	0	0	0	0	0
OTU_246	0	0	0	0	0	0	0	0	0	0	0	0	0	0	0	1	0	0	0	0	1	0	0
OTU_2464	0	0	0	0	0	0	0	0	0	0	0	0	0	0	0	0	0	0	0	2	0	0	0
OTU_2470	1	0	0	0	0	0	0	1	0	1	0	0	0	0	0	0	0	0	0	0	0	0	0
OTU_2471	0	2	0	0	0	0	0	0	0	0	0	0	2	0	0	0	0	0	1	0	0	0	1
OTU_2479	0	0	0	0	0	0	0	4	0	0	0	1	0	0	0	0	0	0	0	0	0	0	0
OTU_2486	3	0	0	0	0	0	0	0	0	0	0	0	0	0	0	0	0	0	1	0	0	0	0
OTU_2489	0	0	0	0	0	0	0	2	0	2	0	1	0	0	2	0	0	0	0	3	2	1	0
OTU_2504	0	0	0	0	0	0	0	0	0	0	0	0	0	6	0	0	0	0	0	0	0	0	0
OTU_2506	0	0	0	2	0	0	0	0	0	0	0	0	0	0	0	0	0	0	0	0	0	0	0
OTU_251	0	1	0	0	0	0	0	1	0	0	730	0	0	0	0	0	1	4	0	0	0	0	0
OTU_253	8	1	0	0	2	0	3	2	3	1	0	33	0	0	0	0	2	10	2	2	1	1	0
OTU_2547	0	0	0	0	0	0	0	0	0	0	0	2	0	0	0	0	0	0	0	0	0	0	0
OTU_2548	0	0	0	2	0	0	0	0	0	0	0	0	0	0	0	0	0	0	0	0	0	0	0
OTU_256	0	0	0	12	0	0	0	0	0	0	0	0	2	0	0	0	0	0	0	0	0	0	0
OTU_2560	0	0	0	0	0	0	0	2	0	0	0	0	2	0	0	0	2	1	1	0	1	0	0
OTU_257	0	22	0	94	0	12	0	20	0	2	0	0	0	4	0	307	0	0	0	11	1	0	0
OTU_2574	0	0	0	1	0	0	0	0	0	1	0	1	0	0	0	0	0	0	0	0	0	0	0
OTU_258	27	6	2	3	1	37	0	33	0	18	0	1	0	0	0	5	7	8	6	8	20	4	16
OTU_2586	0	0	4	0	0	0	0	0	0	0	0	0	0	0	0	0	0	0	0	0	0	0	0
OTU_26	62	140	62	381	82	237	45	1062	28	114	30	105	595	272	19	48	159	32	14	81	28	168	137
OTU_261	0	0	0	0	0	0	0	0	3	0	0	2	0	0	0	0	0	0	0	0	0	0	0
OTU_2615	0	0	0	0	0	0	0	0	0	0	0	0	0	3	0	0	0	0	0	0	0	0	0
OTU_2617	0	0	0	0	0	0	0	0	0	5	0	0	0	0	0	0	0	0	0	0	0	0	0
OTU_2632	4	0	0	0	0	0	0	0	0	0	0	0	0	0	0	0	0	0	0	0	0	0	0
OTU_2633	0	0	0	1	0	1	0	1	0	1	0	1	0	0	0	0	0	1	0	0	0	0	0
OTU_2650	0	0	0	0	0	0	0	0	0	0	0	2	0	0	0	0	0	0	0	0	1	0	0
OTU_2667	0	0	0	0	0	0	0	0	0	0	3	0	0	0	0	0	0	0	0	0	0	0	0
OTU_2669	0	0	0	0	0	0	0	0	0	0	0	0	0	0	0	0	0	0	0	2	0	0	0
OTU_2688	0	0	2	0	0	0	0	0	0	0	0	0	0	0	0	0	0	0	0	0	0	0	0
OTU_27	0	0	0	0	0	1	0	0	39	6	0	1	0	0	0	0	0	0	0	0	0	0	0
OTU_2708	0	0	0	0	0	0	0	0	0	0	0	0	0	0	0	0	0	3	0	0	0	0	0
OTU_2714	0	0	0	0	0	0	0	0	0	0	0	0	0	0	0	0	0	0	1	0	0	0	0
OTU_272	0	0	0	0	0	9	0	0	0	0	0	0	0	0	0	0	2	2	0	0	0	2	0
OTU_2731	0	0	0	0	0	0	0	0	0	0	0	0	0	0	0	0	0	5	0	0	0	0	0
OTU_275	0	0	0	0	2	0	351	0	0	1	0	0	0	20	0	0	0	0	0	0	0	3	0
OTU_2755	0	0	0	0	0	0	0	0	0	0	2	0	0	0	0	0	0	0	0	0	0	0	0
OTU_276	1	0	0	0	0	0	0	0	0	0	0	0	0	0	0	0	0	0	0	0	0	0	0
OTU_279	3	26	21	2	0	40	2	192	0	11	2	22	8	1	2	10	0	4	2	17	4	7	12
OTU_28	49	276	385	2424	175	55	0	1510	217	1726	974	42	13	99	449	29	0	295	194	0	76	458	0
OTU_280	0	0	0	0	0	0	0	0	11	0	0	0	0	0	0	0	0	0	0	0	0	0	0
OTU_2817	0	1	0	0	0	0	0	0	0	0	0	0	0	0	0	0	0	0	0	0	0	0	0
OTU_2818	0	1	0	0	0	0	0	0	0	0	1	0	0	0	0	0	0	0	0	0	0	0	0
OTU_2820	0	0	0	0	0	0	2	0	0	1	0	0	0	0	0	0	0	0	0	0	0	0	0
OTU_286	5	3	7	0	1	1	66	6	0	1	34	2	18	4	105	4	6	1	53	2	2	0	9
OTU_287	0	0	0	0	0	2	16	7	0	0	0	0	0	3	4	0	0	0	0	0	0	4	0
OTU_2891	0	0	0	0	0	0	0	0	0	1	0	0	0	0	0	0	0	0	0	0	0	0	0
OTU_29	0	0	0	0	0	0	0	0	50	1	0	0	1	0	0	0	0	1	1	0	0	0	0
OTU_2909	0	0	0	0	0	0	0	0	0	0	0	0	2	0	0	0	0	0	0	0	0	0	0
OTU_2940	0	0	0	0	0	0	0	1	0	0	0	2	0	0	0	0	0	0	0	0	0	1	0
OTU_2945	0	0	0	0	0	0	0	0	0	0	0	0	0	0	0	0	2	0	0	0	0	0	0
OTU_2949	0	0	0	0	0	0	0	0	0	0	0	0	0	0	0	0	0	0	0	2	0	0	0
OTU_296	0	14	267	0	1	0	0	0	0	12	0	0	14	0	0	0	0	0	0	0	0	0	0
OTU_2969	0	0	0	0	0	0	0	0	0	11	0	0	0	0	0	18	0	0	0	0	0	0	0
OTU_297	8	71	0	64	0	0	0	0	0	0	0	10	50	98	13	154	0	0	0	0	23	21	52
OTU_2971	0	0	0	0	0	0	0	0	0	0	0	0	0	0	0	0	1	0	0	0	0	0	0
OTU_2973	0	0	0	0	0	0	2	0	0	0	0	0	0	0	0	0	0	0	0	0	0	0	0
OTU_298	0	0	0	0	0	0	0	0	16	0	0	0	0	0	0	0	0	0	0	0	0	0	0
OTU_2984	0	0	0	0	0	0	0	2	0	0	0	0	1	0	0	0	0	0	0	0	0	0	0
OTU_299	0	0	0	0	0	0	0	0	9	1	0	0	0	0	0	0	0	0	0	0	0	0	0
OTU_3	373	1453	609	1901	1247	1127	153	682	2839	767	139	483	5985	1999	364	972	2502	2211	85	931	618	1349	364
OTU_30	7	102	0	8	14	77	18	5	15	22	12	0	0	0	3	0	2	0	0	10	0	0	0
OTU_300	2	10	3	62	5	30	1	42	2	7	0	35	2	8	0	67	2	4	0	2	1	11	14
OTU_3007	0	0	0	0	0	2	0	0	0	0	0	0	0	0	0	0	0	0	0	0	0	0	0
OTU_3008	0	0	0	0	0	0	0	0	0	0	0	0	0	0	0	0	0	0	0	2	0	0	0
OTU_3031	0	0	2	0	0	0	0	0	0	0	0	0	0	0	0	0	0	0	0	0	0	0	0
OTU_3047	1	0	0	0	0	0	0	0	0	0	0	0	1	0	0	0	0	0	0	0	0	0	0
OTU_3049	0	0	0	0	0	0	0	2	0	0	0	0	0	0	1	0	0	0	0	0	0	0	0
OTU_3051	0	0	0	0	0	0	0	0	0	0	0	0	0	0	0	0	0	0	0	0	0	4	0
OTU_3054	0	0	0	0	0	0	0	0	0	0	0	0	0	0	0	3	0	0	0	0	0	0	0
OTU_3064	0	0	0	0	0	0	0	0	0	0	0	0	0	0	0	2	0	0	0	0	0	0	0
OTU_307	0	0	0	0	0	0	0	0	0	0	0	0	0	0	0	102	0	0	0	0	0	5	0
OTU_3075	0	0	0	0	0	0	0	0	0	0	0	0	0	0	0	0	0	0	0	0	0	2	0
OTU_308	0	0	0	10	0	0	0	0	0	0	0	0	0	0	0	0	0	0	0	0	0	0	5
OTU_3080	0	0	0	0	0	0	0	0	0	0	2	0	0	0	0	0	0	0	0	0	0	0	0
OTU_3081	0	0	0	0	0	0	0	0	0	1	0	0	0	0	0	0	0	0	2	0	0	0	0
OTU_309	0	0	0	0	0	0	0	0	0	0	0	0	16	0	0	0	0	0	0	0	0	0	0
OTU_3130	0	0	0	0	0	0	0	0	0	0	0	0	0	0	0	0	0	2	0	0	0	0	0
OTU_3134	0	0	0	0	0	0	0	1	0	0	0	1	0	0	0	0	0	0	0	0	0	0	0
OTU_314	7	0	0	0	4	2	3	24	1	3	32	1	0	0	4	0	87	11	2	7	4	3	10
OTU_3143	0	1	0	0	0	0	0	0	0	0	0	0	0	0	1	0	2	0	2	0	0	0	0
OTU_315	0	1	9	14	1	0	5	11	0	0	12	0	0	6	8	8	3	2	6	5	0	7	0
OTU_3157	0	0	0	0	0	0	0	0	0	0	0	1	0	0	1	0	0	0	0	0	0	0	0
OTU_3177	0	0	0	0	0	0	0	0	0	0	0	0	0	0	0	0	2	0	0	0	0	0	0
OTU_319	0	0	50	74	47	1	0	0	0	0	0	31	0	0	0	0	1	1	0	0	0	0	70
OTU_3192	0	0	0	0	0	0	0	0	0	0	0	0	0	0	0	0	0	0	0	2	0	0	0
OTU_32	129	571	357	367	111	444	106	335	232	128	212	1210	671	964	214	495	375	410	274	347	162	510	401
OTU_321	8	3	38	21	0	40	0	1	0	1	38	9	0	0	21	17	0	4	1	55	4	13	15
OTU_3212	0	0	0	0	0	2	1	0	0	0	0	0	0	1	0	0	1	0	0	0	0	1	0
OTU_3220	0	0	0	0	0	0	0	0	0	0	0	0	0	0	2	0	0	0	0	0	0	0	0
OTU_3223	2	0	0	0	0	0	0	0	0	0	0	0	0	0	0	0	0	0	0	0	0	0	0
OTU_323	0	0	22	21	0	0	5	11	0	0	0	0	0	0	0	187	0	0	1	0	0	0	0
OTU_3232	0	0	0	0	0	0	0	0	0	0	0	0	0	1	0	0	0	0	0	0	0	0	0
OTU_324	2	0	0	11	0	5	10	13	0	0	0	14	0	0	8	26	0	0	0	10	1	191	4
OTU_326	1	0	0	0	3	0	0	0	1	0	0	0	1	0	10	10	2	2	1	0	13	0	5
OTU_3292	0	0	0	0	0	0	0	0	0	0	0	0	0	0	2	0	0	0	0	0	0	0	0
OTU_3293	0	0	0	0	0	0	0	0	0	0	0	0	0	0	0	0	2	0	0	0	0	0	0
OTU_3295	0	0	8	0	0	0	0	0	0	0	0	0	0	0	0	0	0	0	0	0	0	0	0
OTU_33	0	1	0	0	0	0	0	0	0	0	1	0	0	0	0	0	1	2	0	0	0	0	0
OTU_3313	0	2	0	0	0	0	0	0	0	0	0	0	0	0	0	0	0	0	0	0	0	0	0
OTU_3319	0	0	0	0	0	0	0	0	0	0	0	0	0	0	0	0	0	0	0	0	0	0	1
OTU_332	39	16	0	0	1	0	23	0	0	44	0	0	0	49	0	0	0	0	0	0	12	0	0
OTU_3326	0	0	0	0	0	0	0	0	0	0	0	0	0	0	0	0	2	0	0	1	0	0	0
OTU_3334	0	0	3	0	0	0	0	0	0	0	0	0	0	0	0	0	0	0	0	0	0	0	0
OTU_3341	0	0	0	0	0	0	0	1	0	1	0	0	0	0	0	0	0	1	0	0	1	0	0
OTU_335	34	8	0	0	5	7	17	0	1	0	5	11	1	0	11	0	1	2	3	13	0	6	18
OTU_336	4	4	0	0	16	10	5	0	7	0	21	6	0	8	5	0	0	0	1	0	9	0	0
OTU_3369	0	0	0	0	0	0	0	0	0	0	0	0	0	0	0	0	0	0	0	0	2	0	0
OTU_337	2	21	163	34	3	0	0	0	0	1	10	2	6	15	3	37	0	0	0	0	1	0	0
OTU_3372	0	0	0	0	0	0	0	0	0	2	0	0	0	0	0	0	0	0	0	0	0	0	0
OTU_3376	0	0	1	0	0	0	0	0	0	0	0	0	1	0	0	0	0	0	0	0	0	0	0
OTU_3386	0	0	0	2	0	0	0	0	0	0	0	0	0	0	0	0	0	0	0	0	0	0	0
OTU_3389	0	0	1	0	0	0	0	1	0	0	0	0	0	0	0	0	0	0	0	0	1	0	0
OTU_3393	0	0	0	0	0	0	0	0	0	0	0	0	0	0	0	0	0	0	0	0	0	3	0
OTU_3396	0	0	0	0	1	0	0	0	0	0	0	0	0	0	0	0	2	0	0	0	0	0	0
OTU_34	0	0	0	0	1	0	0	0	6	0	0	0	0	0	0	0	0	1	0	0	0	0	0
OTU_340	6	7	0	0	2	143	0	11	0	2	0	2	0	0	7	0	0	5	3	6	0	4	0
OTU_3401	0	0	0	0	0	0	0	1	0	0	0	0	0	0	1	0	0	0	0	0	0	0	0
OTU_3412	0	0	0	0	0	0	0	0	0	0	2	0	0	0	0	0	0	1	0	0	0	0	0
OTU_342	0	0	0	0	0	0	0	0	6	0	0	0	0	0	0	0	0	0	0	0	0	0	0
OTU_3436	0	0	0	0	0	0	0	0	0	0	0	2	0	0	0	0	0	0	0	0	0	0	0
OTU_344	0	0	0	0	0	0	19	0	0	0	0	0	53	0	0	0	0	0	0	0	0	0	0
OTU_3461	0	0	0	0	0	0	0	0	0	0	0	0	0	0	0	0	4	0	0	0	0	0	0
OTU_347	0	1	0	13	0	0	0	8	0	0	0	18	4	10	0	39	2	1	0	1	0	4	19
OTU_3481	0	0	0	3	0	0	0	0	0	0	0	0	0	0	0	0	0	0	0	0	0	0	0
OTU_3483	0	0	0	0	0	0	0	0	0	0	0	0	0	2	0	0	0	0	0	0	0	0	0
OTU_3485	0	0	0	0	0	0	0	0	0	0	0	1	0	0	0	0	0	0	0	1	0	0	0
OTU_349	5	39	16	1	0	18	0	1	1	9	0	4	36	21	0	0	7	15	0	10	2	10	6
OTU_35	0	0	0	0	0	0	0	0	0	2	0	0	0	0	0	1	0	0	0	0	0	0	0
OTU_3503	0	0	0	0	0	0	0	0	0	0	0	0	0	0	0	0	0	0	0	2	0	0	0
OTU_351	0	0	0	0	0	0	0	0	1	0	0	0	245	0	0	0	0	0	0	0	10	0	0
OTU_353	2	36	0	0	2	0	0	0	0	0	3	0	0	62	15	0	0	0	3	0	0	40	22
OTU_3536	0	0	0	0	0	0	0	0	0	0	0	0	0	0	0	0	0	2	0	0	2	0	0
OTU_3538	0	0	0	0	0	0	0	0	0	0	0	0	3	0	0	0	0	0	0	0	0	0	0
OTU_3552	0	0	0	0	0	0	0	5	0	0	0	0	0	0	0	0	0	0	0	0	0	0	0
OTU_356	5	0	2	0	1	0	0	3	5	0	0	0	13	0	0	0	0	0	2	0	2	0	0
OTU_3573	0	0	0	0	0	0	0	0	0	0	0	0	0	0	0	1	0	0	0	0	0	0	0
OTU_3581	0	0	0	0	0	0	0	0	0	0	0	0	0	0	0	0	0	0	2	0	0	0	0
OTU_3586	0	0	0	0	0	0	0	0	0	0	0	0	0	2	0	0	0	0	0	0	0	0	0
OTU_359	1	7	40	0	0	11	6	0	0	2	4	0	11	11	2	0	1	9	2	0	2	2	0
OTU_3615	0	0	0	0	0	0	0	0	2	0	0	0	0	0	0	0	0	0	0	0	0	0	0
OTU_362	0	0	1	0	0	0	0	0	0	0	0	0	0	0	0	0	0	0	0	0	0	0	0
OTU_3623	0	0	0	2	0	0	0	2	0	0	0	0	0	0	0	0	0	0	0	0	0	0	0
OTU_364	1	0	0	0	0	0	0	0	0	0	0	0	0	0	0	0	0	0	0	0	1	0	0
OTU_3640	0	0	0	0	0	0	0	0	0	0	0	0	0	0	1	0	0	1	0	0	0	0	0
OTU_3643	0	0	0	0	0	0	0	0	0	0	0	0	0	0	0	0	0	2	0	0	0	0	0
OTU_365	0	0	0	0	0	0	0	0	10	0	0	0	0	0	0	0	0	0	0	0	0	0	0
OTU_3657	0	0	0	0	0	0	0	0	0	0	1	0	0	2	0	0	0	0	0	0	0	0	0
OTU_366	0	11	12	0	13	1	0	15	0	4	0	6	0	0	18	0	1	3	8	1	0	0	3
OTU_3710	2	0	0	0	0	0	0	3	0	2	3	0	0	0	0	0	0	0	1	0	0	0	2
OTU_3721	0	0	0	0	0	0	0	0	0	0	0	0	0	0	0	0	0	0	0	0	2	0	0
OTU_3726	0	0	0	0	0	0	1	0	0	1	0	0	0	0	0	0	0	0	0	0	0	0	0
OTU_3733	0	0	0	9	0	0	0	0	0	0	5	0	0	0	0	0	0	0	0	0	0	0	0
OTU_3734	0	2	0	0	0	0	0	0	0	0	0	0	0	0	0	0	0	0	0	0	0	0	0
OTU_3736	0	0	0	0	0	0	0	0	0	0	0	0	0	0	0	0	0	0	2	0	0	0	0
OTU_3737	0	0	0	0	0	0	0	0	0	0	0	0	1	0	0	0	0	0	0	0	0	0	0
OTU_3741	0	0	0	0	0	0	0	0	0	0	0	0	0	0	3	0	0	0	0	0	0	0	0
OTU_3750	0	0	1	0	0	0	0	0	0	0	0	0	0	0	0	0	0	0	0	0	0	0	0
OTU_3762	0	0	0	0	0	1	0	0	0	1	0	0	0	0	3	0	1	0	0	0	0	0	0
OTU_3768	0	1	0	0	0	0	0	0	0	0	3	0	0	0	0	0	0	0	0	0	0	0	0
OTU_3770	0	0	1	0	0	0	0	0	0	0	0	0	0	0	0	0	0	0	0	0	0	0	0
OTU_3771	0	0	0	0	0	0	0	0	0	0	0	0	0	0	0	0	0	0	2	0	0	0	0
OTU_38	135	171	113	63	156	373	740	492	184	99	1177	313	105	139	203	7	368	403	433	693	298	122	183
OTU_382	11	0	0	80	1	2	0	0	0	2	0	7	39	0	2	0	0	3	0	1	13	2	0
OTU_384	0	0	172	0	0	0	3	2	0	0	6	0	0	0	0	0	0	0	0	3	0	0	1
OTU_3846	0	0	0	0	0	0	0	0	0	0	0	0	0	0	0	0	0	0	0	0	0	2	0
OTU_3847	0	1	0	0	0	0	0	0	0	0	0	0	0	0	0	0	0	0	0	0	0	0	0
OTU_385	3	3	22	0	0	0	18	7	2	1	6	3	1	0	1	0	0	2	8	9	1	0	0
OTU_3851	1	0	0	0	0	0	0	0	0	0	2	0	0	0	0	0	0	0	0	0	0	0	0
OTU_3856	0	0	0	0	0	0	0	0	0	0	0	0	0	0	0	0	0	0	0	2	0	0	0
OTU_3874	0	1	1	1	0	0	1	1	0	0	0	0	1	0	0	0	0	0	0	0	0	0	1
OTU_3882	0	0	0	0	0	0	0	0	0	0	0	0	0	0	0	0	2	0	0	0	0	0	0
OTU_3886	0	0	0	0	0	0	0	0	0	0	0	0	0	0	2	0	0	0	0	0	0	0	0
OTU_3898	0	1	1	0	0	0	0	0	0	0	0	0	2	0	0	0	0	0	0	0	0	0	0
OTU_390	6	0	3	70	2	5	0	11	0	1	1	11	2	0	0	69	0	1	0	6	2	5	16
OTU_3918	0	0	0	0	0	0	0	0	0	0	2	0	0	0	0	0	0	0	0	0	0	0	0
OTU_3922	0	0	0	0	0	0	0	0	0	0	0	0	0	0	0	0	2	0	0	0	0	0	0
OTU_395	7	0	0	0	5	13	3	24	3	4	13	7	0	3	7	3	4	7	3	15	4	10	7
OTU_3954	0	2	0	0	0	0	0	0	0	0	0	1	0	0	0	0	0	0	0	0	0	0	0
OTU_3978	0	0	0	0	0	0	0	0	0	0	0	0	0	0	0	0	0	0	0	0	0	1	0
OTU_3981	0	0	2	0	0	0	0	0	0	0	0	0	0	0	0	0	0	0	0	0	0	0	0
OTU_40	43	67	24	0	5	76	97	30	0	11	10	6	8	4	0	6	7	14	3	13	9	12	5
OTU_401	11	1	33	0	0	2	1	0	0	0	18	0	0	12	4	24	7	0	0	3	1	50	3
OTU_4018	0	0	4	0	0	0	0	0	0	0	0	0	0	0	0	0	0	0	0	0	0	0	0
OTU_4037	0	0	0	0	0	0	0	0	0	0	0	2	0	0	0	0	0	0	0	0	0	0	0
OTU_404	0	0	0	0	0	0	0	0	5	0	0	0	0	0	0	0	0	0	0	0	0	0	0
OTU_4055	0	0	0	0	0	0	0	0	0	0	2	0	0	0	0	0	0	0	0	0	0	0	0
OTU_4077	0	0	0	4	0	0	0	0	0	0	0	0	0	0	0	0	0	0	0	0	0	0	0
OTU_4094	0	0	0	2	0	0	0	0	0	0	0	0	0	0	0	0	0	0	0	0	0	0	0
OTU_41	470	624	138	298	776	1118	163	1039	17	839	433	945	742	492	206	320	1118	1226	114	560	288	1249	1110
OTU_4102	1	0	0	0	0	0	0	0	0	0	0	0	0	1	0	0	0	0	0	0	1	0	0
OTU_4112	0	0	0	0	0	0	0	2	0	0	0	0	0	0	0	0	0	0	0	0	0	0	0
OTU_412	0	0	0	0	4	1	0	17	30	0	0	0	0	0	0	0	0	1	0	0	5	0	0
OTU_4141	0	0	0	0	0	0	0	0	0	0	0	0	0	0	1	0	0	0	0	0	0	0	0
OTU_415	0	0	0	60	1	0	2	4	0	0	0	14	17	10	0	61	0	0	0	0	0	0	14
OTU_4154	0	0	0	0	0	0	0	1	0	0	0	2	0	0	0	0	0	0	0	0	0	0	0
OTU_416	2	0	11	10	5	2	0	21	0	8	12	0	0	0	33	0	5	8	0	0	4	26	1
OTU_4167	0	0	0	0	0	0	0	0	0	0	0	0	0	0	0	0	0	0	0	0	0	0	3
OTU_4175	0	0	0	0	0	0	0	0	0	0	0	0	0	0	0	0	0	0	0	0	0	0	2
OTU_418	2	0	0	0	1	7	0	8	4	1	1	6	0	0	0	0	0	1	0	5	1	4	6
OTU_419	5	41	12	33	5	11	0	25	0	10	0	1	0	30	0	1	1	4	10	0	9	0	8
OTU_4198	0	0	0	0	0	3	0	0	0	0	0	0	0	0	0	0	0	0	0	0	0	0	0
OTU_42	2	0	0	0	2	2	3	10	1	12	9	6	34	14	0	0	14	3	7	0	3	10	0
OTU_420	10	0	0	4	0	8	2	20	5	9	39	9	7	8	4	0	1	4	0	0	4	0	3
OTU_4200	0	0	0	0	0	0	0	0	0	0	0	0	0	0	0	2	0	0	0	0	0	0	0
OTU_4208	0	0	0	0	0	0	0	0	0	0	0	0	0	0	0	2	0	0	0	0	0	0	0
OTU_4214	0	0	0	0	0	0	0	0	0	0	0	0	0	0	0	0	3	0	0	0	0	0	0
OTU_422	3	0	0	0	0	8	4	0	0	0	2	12	6	0	0	0	15	1	0	11	28	43	6
OTU_4225	0	1	0	0	0	0	0	0	0	0	0	0	0	0	1	0	0	0	0	0	0	0	0
OTU_423	3	1	10	4	0	5	10	4	2	3	1	3	10	1	6	10	6	2	0	2	3	9	3
OTU_424	0	0	0	7	0	1	0	0	0	2	0	0	0	0	1	10	0	0	2	2	3	1	0
OTU_4253	0	1	2	0	0	0	0	0	0	0	0	0	0	0	0	0	0	0	0	0	0	0	0
OTU_4260	0	0	0	0	0	0	0	0	0	0	0	0	0	0	0	0	0	4	0	0	0	1	0
OTU_4264	0	0	0	0	0	0	0	0	0	0	0	2	0	0	0	0	0	0	0	0	0	0	0
OTU_4266	0	0	3	0	0	0	0	0	0	0	0	0	1	0	0	1	0	0	0	0	0	0	0
OTU_4277	0	0	0	2	0	0	0	0	0	0	0	0	0	0	0	0	0	0	0	0	0	0	0
OTU_43	87	255	600	109	124	58	60	150	94	60	35	224	220	88	50	45	63	23	38	61	28	37	28
OTU_430	0	0	0	0	0	0	0	0	0	0	0	0	0	0	0	0	0	1	0	0	0	0	0
OTU_4320	0	1	0	0	0	0	0	0	0	0	0	0	0	0	0	0	0	1	0	0	0	0	0
OTU_4329	0	0	0	0	0	0	2	0	0	0	0	0	0	0	0	0	0	0	0	0	0	0	0
OTU_433	0	1	0	0	0	0	0	0	0	0	0	0	0	0	0	0	0	0	1	0	0	0	0
OTU_4332	0	0	0	0	0	0	0	0	0	0	0	0	0	0	0	0	0	0	0	2	0	0	0
OTU_434	0	0	0	64	0	0	0	40	0	0	0	0	0	0	0	0	0	0	0	0	0	0	0
OTU_4349	0	0	0	0	0	0	0	0	0	0	0	0	0	0	0	0	0	0	0	0	0	0	2
OTU_4355	0	0	0	0	0	0	0	0	0	0	0	0	0	0	0	0	0	0	0	2	0	0	0
OTU_4370	0	0	0	0	0	0	3	0	0	0	0	0	0	0	0	0	0	0	0	0	0	0	0
OTU_4375	0	0	0	0	0	0	0	0	0	0	0	2	0	0	0	0	0	0	0	0	0	0	0
OTU_4378	0	0	0	0	0	0	0	0	0	0	0	0	0	0	1	0	0	0	0	0	0	0	1
OTU_438	0	0	0	0	0	4	0	0	0	13	0	6	0	0	0	32	0	9	10	16	10	0	28
OTU_4388	0	0	0	0	0	0	0	0	0	0	0	2	0	0	0	0	0	0	0	0	0	0	0
OTU_439	6	0	0	4	0	5	5	0	2	60	1	17	0	0	1	0	8	0	0	0	6	0	0
OTU_44	201	98	203	1151	123	714	683	1297	0	726	219	829	40	56	127	153	120	560	628	1001	290	552	416
OTU_443	11	0	0	11	5	13	5	9	0	2	0	27	0	1	0	0	1	8	0	0	2	5	18
OTU_4436	0	0	0	0	0	0	0	0	0	0	0	0	0	0	0	2	0	0	0	0	0	0	0
OTU_4451	0	0	0	0	0	0	0	0	0	0	2	0	0	0	0	0	0	0	0	0	0	0	0
OTU_4454	0	0	0	0	0	0	0	0	0	2	0	0	0	0	0	0	0	0	0	0	0	0	0
OTU_4457	0	0	0	4	0	0	0	0	0	0	0	0	0	0	0	0	0	0	0	0	0	0	0
OTU_4461	0	0	0	2	0	0	0	0	0	3	0	0	0	0	0	0	0	0	0	0	0	1	0
OTU_447	0	0	0	2	0	0	7	0	0	0	0	21	0	0	0	0	1	0	0	0	2	0	0
OTU_4479	0	0	0	0	0	0	0	0	0	0	0	2	0	0	0	0	0	0	0	0	0	0	0
OTU_4489	0	0	0	0	0	0	0	0	0	0	0	0	0	0	0	0	2	0	0	0	0	0	0
OTU_45	0	1	0	0	0	1	1	41	33	0	0	11	0	0	0	0	0	4	0	11	17	0	8
OTU_450	0	0	0	0	0	4	0	0	0	85	0	0	0	0	0	0	0	0	0	10	0	23	0
OTU_4507	0	0	0	0	0	0	2	2	0	1	0	0	0	0	0	0	0	0	0	0	0	0	0
OTU_4527	0	0	0	0	0	0	0	0	0	0	2	0	0	0	0	0	0	0	0	0	0	0	0
OTU_453	0	0	0	0	0	0	0	0	0	0	0	1	0	0	0	0	0	0	0	0	0	0	0
OTU_454	0	10	5	0	1	0	0	0	0	0	0	3	4	0	0	0	3	0	0	2	0	10	5
OTU_4542	0	0	2	0	0	0	0	0	0	0	0	0	0	0	0	0	0	0	0	0	0	0	0
OTU_4561	0	0	0	0	0	0	0	0	0	0	0	0	0	0	0	0	0	0	2	0	0	0	0
OTU_4567	0	0	0	0	0	0	0	0	0	0	0	0	0	0	0	0	0	0	0	2	0	0	0
OTU_4576	0	0	0	0	0	0	0	0	0	0	0	0	0	0	0	0	1	0	0	0	0	0	0
OTU_459	1	0	0	0	3	0	0	0	0	0	0	114	0	0	0	0	0	2	0	2	0	0	0
OTU_46	66	8	25	27	137	492	946	64	302	74	137	268	52	24	108	3	226	120	50	291	74	43	27
OTU_460	0	0	5	21	0	0	0	0	0	0	77	0	0	0	1	0	0	0	0	3	0	1	0
OTU_462	0	0	0	95	0	0	0	0	0	0	0	0	0	0	0	2	0	0	0	0	0	0	0
OTU_4644	1	0	0	0	0	0	0	0	0	0	0	0	0	0	0	0	0	0	0	0	0	0	0
OTU_4646	0	0	0	0	0	0	0	0	0	0	0	0	2	0	0	0	0	0	0	0	0	0	0
OTU_4647	0	0	0	0	0	0	0	0	0	0	0	0	0	2	0	0	0	0	0	0	0	0	0
OTU_465	0	2	0	0	0	0	0	0	0	0	0	0	0	3	0	0	0	0	0	0	0	0	0
OTU_4653	0	0	0	0	0	0	0	0	0	0	0	0	0	0	0	0	0	0	0	0	0	2	0
OTU_4675	0	0	0	0	1	0	0	0	0	0	8	0	0	0	0	0	0	0	0	0	0	0	1
OTU_468	2	0	0	0	0	10	11	25	0	0	0	87	0	0	0	0	0	0	0	0	0	0	0
OTU_4699	0	0	3	0	0	0	0	0	0	0	0	0	0	0	0	0	0	0	0	0	0	0	0
OTU_4704	0	0	0	0	0	0	2	0	0	0	0	0	0	0	0	0	1	0	0	0	0	0	0
OTU_4710	0	0	0	0	0	0	0	0	0	0	0	0	0	0	0	0	0	0	2	0	0	0	0
OTU_4715	0	0	0	1	0	0	2	0	0	0	0	0	0	0	0	0	0	1	0	0	0	0	0
OTU_4726	0	0	0	0	0	0	0	0	0	0	0	0	0	0	0	2	0	0	0	0	0	0	0
OTU_474	0	0	11	0	0	0	0	0	0	0	162	0	0	0	0	0	0	0	0	0	0	0	0
OTU_477	0	0	0	0	0	4	0	0	0	3	0	11	0	0	59	0	0	2	0	0	0	0	0
OTU_478	3	1	0	0	34	2	1	0	0	0	0	35	0	9	0	0	6	1	0	0	0	0	0
OTU_48	102	0	10	1	15	137	0	51	36	27	0	0	16	0	4	10	17	256	131	232	93	280	0
OTU_4803	0	0	0	0	0	0	0	0	0	0	0	0	0	0	0	0	1	0	0	0	0	0	0
OTU_482	5	0	0	0	1	0	1	12	0	0	0	3	0	0	5	0	3	1	3	9	13	4	0
OTU_484	0	6	0	0	2	0	1	1	0	0	4	0	8	8	0	0	0	0	2	0	1	7	0
OTU_485	4	0	0	0	20	58	0	0	0	0	0	16	0	0	0	0	0	0	0	0	0	0	0
OTU_49	0	0	0	1	0	0	0	0	0	0	0	0	0	0	0	0	0	1	0	0	0	0	0
OTU_490	0	24	33	19	2	6	1	0	1	2	11	19	18	21	0	24	9	3	6	7	2	11	5
OTU_496	0	0	0	0	0	0	0	0	0	0	0	6	0	0	0	0	0	0	0	0	0	0	4
OTU_5	9	35	0	6	3	51	47	0	103	0	6	21	12	7	6	5	2	17	4	41	3	7	0
OTU_502	2	0	0	19	4	1	4	0	0	0	39	8	0	0	0	27	1	1	0	0	2	3	0
OTU_504	31	0	0	0	6	20	0	0	0	0	0	0	0	0	0	0	0	2	0	0	15	0	0
OTU_506	1	5	0	48	1	1	1	11	1	0	0	4	0	0	7	1	0	2	2	6	5	15	12
OTU_508	0	2	8	14	0	0	0	6	0	2	5	2	3	6	6	0	0	2	0	0	0	18	0
OTU_51	4	8	0	0	0	0	54	5	0	1	2	0	0	0	0	0	0	4	0	0	0	0	0
OTU_510	0	0	0	0	2	0	0	0	1	0	0	0	0	0	0	0	0	0	0	0	0	0	0
OTU_513	0	0	0	0	0	0	0	0	7	0	0	0	0	0	0	0	0	2	0	0	0	0	0
OTU_517	0	5	0	3	0	0	0	0	0	5	32	0	4	0	0	5	0	0	0	1	1	0	0
OTU_519	0	0	8	0	6	1	0	0	0	0	6	0	0	1	0	0	5	0	1	0	2	6	1
OTU_52	0	0	0	0	0	0	0	0	1	0	0	0	0	0	0	0	0	0	1	0	0	0	0
OTU_520	0	0	0	0	0	0	0	13	0	0	0	0	0	0	0	26	0	0	0	0	0	0	0
OTU_528	0	0	2	105	0	0	0	5	10	0	7	0	0	0	0	35	2	0	1	0	18	6	0
OTU_529	0	0	0	0	1	0	0	0	5	0	0	0	0	0	0	0	1	0	0	0	0	0	0
OTU_53	0	4	1	3	7	2	0	4	40	1	23	1	19	2	9	0	5	0	1	8	0	31	15
OTU_54	1	0	0	0	0	0	0	0	2	0	0	0	0	0	0	0	0	0	0	0	0	0	0
OTU_545	0	0	70	0	0	2	0	0	0	0	0	0	0	0	0	0	0	0	0	0	0	0	0
OTU_55	0	0	0	0	0	1	0	0	1	0	0	0	4	0	0	0	1	0	0	0	0	0	2
OTU_553	0	0	0	18	0	0	2	0	0	1	16	0	0	6	1	2	1	0	0	2	0	1	0
OTU_555	7	4	2	7	0	0	2	0	0	3	0	0	2	0	0	0	0	0	0	0	0	0	0
OTU_558	0	0	0	0	0	0	0	0	0	0	0	0	0	0	0	0	0	0	1	0	1	0	0
OTU_563	0	0	0	0	9	0	0	15	0	0	0	2	21	0	5	0	7	1	0	5	0	0	0
OTU_568	7	0	0	0	0	0	1	0	0	0	34	0	0	0	6	0	0	0	5	0	0	9	8
OTU_57	120	195	175	354	271	560	164	415	61	237	61	146	1162	268	182	253	522	187	177	319	291	208	165
OTU_570	0	0	0	0	1	0	0	0	0	0	0	0	0	0	0	6	0	4	0	0	0	0	0
OTU_571	0	0	0	0	9	1	0	0	0	1	0	0	4	0	0	0	1	0	0	0	0	0	0
OTU_572	0	0	0	0	0	0	0	0	0	0	0	0	0	0	0	0	0	63	0	0	0	0	0
OTU_576	0	0	0	0	0	0	0	0	0	0	0	0	0	0	1	0	0	0	0	0	0	0	0
OTU_577	1	0	0	0	1	0	1	0	0	0	0	0	0	0	0	0	2	0	0	0	0	0	0
OTU_581	0	0	0	0	0	0	0	0	0	0	0	0	1	0	0	0	0	0	0	0	0	0	0
OTU_583	0	0	0	36	0	0	0	8	0	0	0	0	0	0	0	14	0	0	0	0	0	0	5
OTU_59	0	0	0	0	1	0	0	0	40	0	0	0	0	0	0	0	0	0	1	0	0	0	0
OTU_590	0	0	2	0	1	3	0	0	0	2	17	0	0	0	1	0	1	4	0	0	0	4	0
OTU_594	0	27	13	0	0	4	0	0	0	0	0	0	0	3	0	0	0	0	0	0	0	0	0
OTU_597	3	0	0	33	0	0	0	6	0	0	0	0	0	0	0	0	0	0	0	8	9	3	0
OTU_599	0	0	5	0	0	0	2	0	0	1	0	0	0	0	0	260	8	0	1	0	0	0	0
OTU_6	3778	8218	11902	8330	3310	6569	4501	7106	258	3027	10544	3808	9962	8818	4517	7111	8462	3260	2686	5018	3311	6316	4203
OTU_60	0	0	0	0	0	0	0	0	7	0	0	0	0	0	0	0	0	0	1	0	0	0	0
OTU_602	0	0	0	0	0	0	122	0	0	0	0	0	0	0	0	0	0	0	0	0	0	0	0
OTU_603	0	0	0	0	2	0	0	0	0	0	0	0	0	0	0	0	1	0	0	0	0	0	0
OTU_604	1	2	0	0	3	4	0	1	1	1	5	1	1	1	2	4	4	0	0	0	0	2	1
OTU_606	1	3	4	12	1	2	0	16	3	4	0	13	2	3	0	12	4	2	1	5	0	4	6
OTU_61	0	0	3	0	0	0	0	0	0	1	0	0	0	0	0	1	0	3	1	0	0	0	0
OTU_611	1	2	1	2	2	3	0	4	0	2	0	18	2	3	0	0	0	0	0	2	1	1	5
OTU_615	0	0	0	0	0	0	0	0	1	0	0	0	0	0	0	0	0	0	0	0	0	0	0
OTU_618	6	1	0	0	2	0	0	0	0	0	0	0	12	0	0	0	0	0	0	0	0	0	0
OTU_619	2	0	0	41	0	0	0	0	0	0	0	0	0	0	0	0	0	0	0	0	0	0	0
OTU_621	0	0	0	0	0	0	0	0	1	6	0	0	0	0	0	0	0	0	0	0	0	0	0
OTU_629	4	0	0	0	0	0	0	0	0	0	0	0	0	0	46	0	0	0	0	0	0	0	0
OTU_630	0	0	0	0	0	1	0	6	0	0	0	0	0	0	0	0	0	6	0	0	0	0	20
OTU_631	0	0	0	6	4	0	4	0	0	6	2	1	0	0	0	14	6	0	0	0	0	0	6
OTU_64	19	71	133	453	73	130	95	212	81	69	414	240	16	82	249	128	131	207	158	214	84	139	278
OTU_643	0	0	0	0	0	0	0	0	0	0	0	0	0	0	0	0	0	0	0	0	0	0	1
OTU_645	0	0	0	0	0	0	0	0	0	0	0	0	0	0	0	0	0	0	0	0	0	0	3
OTU_65	199	54	617	129	96	363	86	144	0	198	72	214	68	18	227	49	86	125	205	196	326	85	24
OTU_651	8	10	2	0	3	17	1	13	0	12	3	24	2	4	1	1	14	7	5	8	7	7	8
OTU_658	5	5	0	0	1	8	0	4	0	3	1	2	0	0	1	0	1	17	0	3	0	3	0
OTU_66	0	0	0	1	0	0	0	0	63	1	1	0	0	0	0	0	0	0	0	0	0	0	0
OTU_661	3	1	0	0	0	0	0	0	1	0	0	0	0	0	0	0	0	0	0	0	0	0	0
OTU_663	0	0	0	0	0	0	0	0	0	0	0	0	9	0	1	0	0	0	1	0	0	1	0
OTU_667	0	0	0	38	0	0	0	0	0	0	0	0	0	0	0	0	0	0	0	0	0	0	0
OTU_669	0	0	0	0	0	0	0	0	0	0	0	0	1	0	0	0	0	0	0	0	0	0	0
OTU_676	0	0	0	0	3	1	0	7	0	1	0	2	0	0	0	4	8	5	0	0	1	0	0
OTU_678	0	0	3	0	0	0	0	0	0	0	41	0	0	0	0	0	0	0	0	0	0	0	0
OTU_679	0	7	3	9	0	0	0	0	0	0	4	1	0	5	1	0	11	4	0	0	1	5	1
OTU_68	105	100	17	82	38	158	39	189	0	65	327	131	43	22	84	27	67	91	52	83	112	163	159
OTU_689	0	0	0	0	0	0	0	1	0	0	0	43	0	0	1	0	0	0	0	1	0	0	0
OTU_693	0	11	1	0	0	0	7	0	0	2	0	0	3	0	1	0	0	0	1	0	0	0	0
OTU_694	6	0	0	0	4	2	0	0	0	1	0	0	7	3	0	0	5	4	0	0	0	0	0
OTU_7	1258	5166	18039	9169	1816	3343	6563	6607	913	1376	5194	2733	6260	4712	2660	6274	2572	1629	2772	3263	2366	2841	3620
OTU_700	0	0	0	0	1	1	0	0	2	0	0	0	0	0	2	0	0	7	3	0	0	1	3
OTU_701	0	0	0	0	0	0	0	0	2	0	0	0	0	0	0	0	0	0	0	0	0	0	0
OTU_708	0	0	0	0	0	0	0	0	0	0	0	0	5	0	0	0	0	0	0	0	0	0	0
OTU_709	0	0	0	0	0	0	0	11	0	3	0	1	0	0	0	0	0	0	0	5	0	1	16
OTU_712	1	3	1	0	0	4	1	2	0	0	4	4	0	1	1	1	0	0	1	0	0	5	3
OTU_714	8	20	3	68	8	7	2	0	3	2	0	11	13	6	1	1	22	1	3	3	25	6	8
OTU_72	1	0	0	0	0	22	15	0	0	0	0	1	0	0	0	0	0	0	0	0	2	0	0
OTU_721	0	0	0	0	0	7	1	0	0	0	0	0	0	0	0	0	0	0	0	0	0	0	6
OTU_722	0	0	0	0	0	0	0	0	0	0	0	4	0	2	0	0	0	2	0	0	0	0	0
OTU_725	5	5	9	0	0	13	0	0	0	0	0	0	0	0	0	0	0	2	0	0	0	0	3
OTU_727	0	4	0	0	1	0	0	0	0	0	0	0	0	0	0	12	2	0	0	0	0	1	0
OTU_728	0	0	0	0	0	0	0	2	0	0	0	44	0	0	4	0	0	0	0	0	1	0	0
OTU_729	0	0	0	0	0	6	0	0	0	0	0	0	0	0	0	0	0	0	0	0	0	0	0
OTU_73	112	355	243	659	143	308	93	401	37	99	121	142	276	339	146	432	248	118	25	149	96	266	189
OTU_738	0	2	0	0	0	1	0	0	0	6	0	5	1	0	203	0	0	0	0	0	0	1	0
OTU_74	12	0	0	0	0	0	0	0	0	0	0	0	0	0	0	0	0	0	0	0	0	0	0
OTU_741	0	0	0	0	0	0	0	0	0	6	0	13	0	0	0	0	0	0	3	0	2	0	0
OTU_742	2	1	0	0	0	0	0	0	1	3	0	2	0	0	0	0	0	2	0	9	0	0	0
OTU_743	0	1	0	25	0	0	0	0	0	0	0	0	0	0	0	6	0	0	0	0	0	0	0
OTU_745	0	0	0	3	4	1	2	0	1	2	0	3	0	1	0	0	1	4	0	0	1	3	0
OTU_748	0	0	0	0	0	0	0	0	0	0	0	0	0	21	0	21	0	0	0	0	0	0	0
OTU_75	2	11	4	181	3	9	2	30	1	6	3	9	474	7	0	82	2	8	0	20	7	1	22
OTU_750	0	0	0	0	0	1	0	7	0	0	0	0	0	0	1	0	0	0	29	0	3	0	0
OTU_759	0	0	0	0	0	0	0	0	3	0	0	0	0	0	0	0	0	0	0	0	0	0	0
OTU_76	0	0	0	0	0	0	0	2	0	0	3	5	0	0	0	0	0	0	0	0	0	0	0
OTU_762	3	3	0	0	4	0	0	0	0	0	0	1	0	0	0	0	0	0	0	0	0	0	0
OTU_765	0	0	0	0	0	0	0	0	0	0	0	0	0	0	0	0	1	0	0	0	0	0	0
OTU_767	0	0	0	0	1	0	2	9	0	1	1	9	0	0	0	0	3	4	1	4	19	6	4
OTU_769	2	0	0	0	0	0	34	0	0	0	0	0	0	0	0	0	0	0	0	0	0	0	0
OTU_777	0	0	3	0	0	12	13	0	0	0	0	0	0	0	3	0	4	0	0	0	0	0	0
OTU_78	65	3	4	0	47	62	42	77	9	3	69	3096	0	7	15	0	81	111	9	54	4	9	14
OTU_781	0	0	1	0	0	0	0	5	0	0	1	0	1	0	0	0	0	0	0	0	0	4	1
OTU_783	0	0	24	1	0	0	0	9	0	1	1	1	0	0	0	12	2	3	3	2	0	3	0
OTU_794	0	0	0	0	0	0	0	0	0	0	0	0	0	0	11	0	0	0	0	0	0	0	0
OTU_796	0	0	0	0	0	1	0	0	0	0	0	0	0	0	0	0	0	0	0	23	2	0	0
OTU_8	0	1	200	13	1	1	2	0	40	3	51	3	23	0	0	66	13	0	7	162	34	17	0
OTU_806	0	0	0	0	0	0	0	0	2	0	0	0	0	0	0	0	0	0	0	0	0	0	0
OTU_813	0	0	0	25	0	0	0	0	0	0	0	0	0	0	0	0	0	0	0	0	0	0	0
OTU_815	0	0	0	0	0	0	0	0	0	0	0	0	0	0	41	0	0	0	0	0	0	0	0
OTU_82	1	36	45	117	2	7	3	62	30	3	12	21	6	0	0	784	0	4	3	30	0	78	41
OTU_820	0	3	1	2	2	0	1	1	1	0	0	1	0	0	1	1	0	0	0	0	0	2	0
OTU_821	0	0	0	0	0	0	0	0	1	0	0	0	0	0	3	0	0	0	0	0	0	0	1
OTU_829	0	0	0	0	0	0	0	1	0	0	0	0	0	0	0	0	3	0	0	0	0	0	0
OTU_83	0	0	0	0	0	0	1	0	0	0	0	0	0	0	0	0	0	0	0	0	0	0	0
OTU_837	0	0	0	0	0	0	0	0	3	0	0	0	0	0	0	0	0	0	0	0	0	0	0
OTU_838	2	1	0	4	0	0	0	1	0	0	6	0	3	0	0	0	0	0	0	0	0	0	1
OTU_84	0	0	13	0	0	0	0	14	0	0	0	0	0	6	0	1	4	0	0	0	0	0	0
OTU_843	0	0	0	0	0	0	0	0	0	0	4	0	0	0	0	0	0	0	0	0	0	0	0
OTU_846	15	3	2	3	13	13	3	11	0	11	7	4	0	1	15	1	10	8	6	19	7	3	12
OTU_849	0	0	1	0	1	1	0	0	0	0	27	0	0	0	1	0	0	0	0	0	0	0	0
OTU_854	0	0	1	9	0	0	0	0	0	0	0	0	6	0	0	17	0	0	0	0	0	0	0
OTU_855	0	0	0	6	0	0	2	3	0	0	0	0	0	0	0	0	0	0	0	0	0	0	0
OTU_86	0	0	0	0	0	0	0	0	0	0	0	0	0	0	0	0	0	1	0	0	0	0	0
OTU_866	0	0	0	8	0	3	1	0	0	0	0	2	0	5	0	0	0	0	0	0	0	0	8
OTU_868	0	0	0	0	0	0	0	0	0	0	0	3	0	0	0	0	0	0	0	0	0	0	0
OTU_869	2	0	1	2	0	0	0	0	0	0	0	3	1	0	0	2	0	0	0	0	0	0	0
OTU_877	0	0	1	0	0	0	0	0	0	0	2	0	0	0	0	0	0	0	0	0	0	0	0
OTU_880	0	0	1	7	0	0	0	4	1	2	0	0	0	0	1	0	0	0	3	0	0	0	0
OTU_882	5	0	0	0	0	2	1	0	0	0	0	4	0	0	0	0	0	1	0	2	1	0	1
OTU_884	0	0	0	0	0	0	0	0	2	0	0	0	0	0	0	0	0	0	0	0	0	0	0
OTU_885	0	0	0	0	0	0	0	1	0	0	2	4	1	2	0	0	1	2	0	2	1	1	3
OTU_9	266	100	17	10	217	512	188	53	27	64	73	204	17	59	61	37	54	27	33	300	27	6	0
OTU_90	71	0	0	10	6	57	89	14	0	9	5	38	53	0	3	0	3	2	44	1	3	3	0
OTU_908	0	0	0	1	0	0	0	0	0	0	0	0	0	0	0	0	0	0	0	0	0	0	0
OTU_91	0	0	0	0	0	0	0	0	6	0	0	0	0	0	0	0	1	0	0	0	0	0	0
OTU_911	0	1	0	0	0	0	0	0	1	0	1	0	0	2	0	0	2	2	3	0	1	0	0
OTU_912	4	0	1	0	0	0	0	0	3	0	0	0	1	0	1	0	0	0	0	0	0	0	1
OTU_92	0	0	0	0	0	0	0	0	0	0	0	2799	0	0	17	0	0	0	0	0	1	0	0
OTU_93	2	0	9	0	12	1	12	36	322	13	8	5	5	12	9	0	20	1	10	0	8	0	0
OTU_932	0	0	0	0	0	0	0	0	0	1	0	5	0	0	2	0	0	0	0	8	1	0	1
OTU_934	0	0	0	0	0	0	0	0	0	1	0	0	0	0	0	0	13	0	0	0	0	0	0
OTU_938	0	0	8	0	0	3	0	0	0	0	2	2	0	0	0	0	0	0	0	0	0	0	0
OTU_945	1	0	0	0	0	3	0	0	0	0	0	0	0	5	0	9	0	0	0	0	0	0	0
OTU_949	0	2	0	1	0	3	1	1	0	0	0	1	0	0	0	0	0	0	1	0	2	0	1
OTU_95	54	12	0	0	2	95	2	161	0	151	0	437	0	6	1	8	9	111	12	1907	65	94	79
OTU_950	0	0	0	0	0	0	0	0	0	0	0	0	6	0	0	0	0	0	0	0	0	0	0
OTU_958	0	0	0	0	0	0	1	0	0	0	2	0	0	0	0	0	0	0	1	0	0	0	0
OTU_96	0	0	0	1	0	0	0	0	0	0	0	0	0	0	0	0	0	0	0	0	0	0	0
OTU_962	1	0	0	0	0	4	0	5	0	0	0	0	0	0	0	0	0	0	0	3	0	5	0
OTU_963	0	0	0	0	2	0	0	1	3	0	0	0	0	0	0	0	0	0	0	15	0	0	0
OTU_966	0	0	0	0	0	0	0	0	0	0	12	0	0	0	0	0	0	0	0	0	0	0	0
OTU_969	0	0	0	0	0	0	0	0	0	0	0	0	0	0	0	0	1	0	0	0	1	0	0
OTU_972	0	0	0	0	0	0	0	0	1	0	0	13	0	0	0	0	0	0	0	0	0	0	5
OTU_977	0	3	0	0	0	0	0	0	0	0	0	0	0	0	0	0	0	6	1	0	0	0	0
OTU_982	0	0	0	0	2	14	0	0	0	0	0	0	0	0	0	0	0	0	0	0	0	0	0
OTU_983	0	0	0	0	0	0	0	0	0	0	0	0	0	0	0	0	0	2	0	0	0	2	0
OTU_987	0	0	0	0	1	0	0	0	0	0	0	0	0	0	0	0	0	0	0	0	0	0	0
OTU_99	0	0	0	0	0	0	0	0	0	0	0	0	8	0	0	0	0	0	0	0	0	0	0